DownloadStableBinariesAndSampleData/SampleGHG/rainfall/201609030530.asc
ncols        147
nrows        125
xllcorner    327780.046775160010
yllcorner    245700.024456010030
cellsize     500.000000000000
NODATA_value  -9999
[rows 92 to 114 of 125, columns 50 to 99 of 147]
0.5 0.5 0.40000000596046448 0.40000000596046448 0.30000001192092896 0.30000001192092896 0.30000001192092896 0.20000000298023224 0.20000000298023224 0.20000000298023224 0.20000000298023224 0.20000000298023224 0.30000001192092896 0.30000001192092896 0.30000001192092896 0.40000000596046448 0.5 0.5 0.60000002384185791 0.69999998807907104 0.69999998807907104 1 1.2000000476837158 1.2999999523162842 1.5 1.7000000476837158 1.8999999761581421 2.4000000953674316 2.7000000476837158 2.7999999523162842 3.2000000476837158 3.7999999523162842 3.7999999523162842 4.0999999046325684 4.5 4.5999999046325684 4.6999998092651367 4.9000000953674316 5.0999999046325684 5.5999999046325684 5.8000001907348633 5.6999998092651367 5.4000000953674316 5.5999999046325684 5.6999998092651367 5.1999998092651367 4.8000001907348633 4.6999998092651367 3.9000000953674316 3.4000000953674316
0.40000000596046448 0.40000000596046448 0.30000001192092896 0.30000001192092896 0.30000001192092896 0.30000001192092896 0.30000001192092896 0.20000000298023224 0.20000000298023224 0.20000000298023224 0.10000000149011612 0.20000000298023224 0.30000001192092896 0.30000001192092896 0.40000000596046448 0.40000000596046448 0.5 0.5 0.69999998807907104 0.89999997615814209 1 1.1000000238418579 1.3999999761581421 1.6000000238418579 1.7000000476837158 1.7999999523162842 2.0999999046325684 2.5 2.9000000953674316 3.0999999046325684 3.5999999046325684 4.0999999046325684 4.3000001907348633 4.5 4.4000000953674316 4.4000000953674316 4.4000000953674316 4.6999998092651367 4.8000001907348633 5 5.3000001907348633 5.1999998092651367 4.9000000953674316 4.9000000953674316 5 4.8000001907348633 4.5 4.3000001907348633 3.5999999046325684 3.0999999046325684
0.40000000596046448 0.30000001192092896 0.30000001192092896 0.20000000298023224 0.20000000298023224 0.20000000298023224 0.20000000298023224 0.20000000298023224 0.20000000298023224 0.20000000298023224 0.20000000298023224 0.20000000298023224 0.30000001192092896 0.30000001192092896 0.40000000596046448 0.40000000596046448 0.5 0.60000002384185791 0.69999998807907104 0.89999997615814209 1.1000000238418579 1.3999999761581421 1.7000000476837158 2 2.0999999046325684 2.0999999046325684 2.2999999523162842 2.7000000476837158 3 3.4000000953674316 3.7999999523162842 4.1999998092651367 4.5 4.5999999046325684 4.5 4.3000001907348633 4.4000000953674316 4.6999998092651367 4.8000001907348633 4.8000001907348633 4.6999998092651367 4.5999999046325684 4.3000001907348633 4.4000000953674316 4.5 4.3000001907348633 4 3.7000000476837158 3.2000000476837158 2.9000000953674316
0.40000000596046448 0.30000001192092896 0.30000001192092896 0.20000000298023224 0.20000000298023224 0.20000000298023224 0.20000000298023224 0.20000000298023224 0.20000000298023224 0.20000000298023224 0.20000000298023224 0.40000000596046448 0.20000000298023224 0.30000001192092896 0.40000000596046448 0.5 0.60000002384185791 0.60000002384185791 0.69999998807907104 1 1.2000000476837158 1.5 1.7999999523162842 2.0999999046325684 2.2000000476837158 2.2000000476837158 2.4000000953674316 2.7000000476837158 3 3.2000000476837158 3.5999999046325684 4 4.1999998092651367 4.5999999046325684 4.5 4.3000001907348633 4.4000000953674316 4.5999999046325684 4.9000000953674316 4.8000001907348633 4.5999999046325684 4.4000000953674316 4.1999998092651367 4.3000001907348633 4.4000000953674316 4.3000001907348633 3.7999999523162842 3.5999999046325684 2.9000000953674316 2.7000000476837158
0.40000000596046448 0.30000001192092896 0.30000001192092896 0.20000000298023224 0.10000000149011612 0.10000000149011612 0.10000000149011612 0.20000000298023224 0.20000000298023224 0.20000000298023224 0.20000000298023224 0.20000000298023224 0.20000000298023224 0.40000000596046448 0.40000000596046448 0.5 0.69999998807907104 0.69999998807907104 0.80000001192092896 1.2000000476837158 1.3999999761581421 1.7000000476837158 2.2000000476837158 2.5 2.5 2.5999999046325684 2.7999999523162842 2.9000000953674316 3.0999999046325684 3.2000000476837158 3.4000000953674316 3.5999999046325684 3.7999999523162842 3.9000000953674316 4.0999999046325684 4.1999998092651367 4.1999998092651367 4.4000000953674316 4.5999999046325684 4.5 4.4000000953674316 4.3000001907348633 4.0999999046325684 4.0999999046325684 4.1999998092651367 4.0999999046325684 3.7000000476837158 3.2000000476837158 2.7000000476837158 2.5
0.30000001192092896 0.30000001192092896 0.30000001192092896 0.20000000298023224 0.10000000149011612 0.10000000149011612 0.10000000149011612 0.10000000149011612 0.20000000298023224 0.20000000298023224 0.20000000298023224 0.20000000298023224 0.30000001192092896 0.40000000596046448 0.5 0.60000002384185791 0.80000001192092896 0.80000001192092896 0.89999997615814209 1.3999999761581421 1.6000000238418579 2.0999999046325684 2.9000000953674316 3 3 3.0999999046325684 3.0999999046325684 3.2000000476837158 3.2999999523162842 3.4000000953674316 3.4000000953674316 3.5 3.5999999046325684 3.7000000476837158 3.7999999523162842 4 4.0999999046325684 4.3000001907348633 4.3000001907348633 4.0999999046325684 3.9000000953674316 3.7999999523162842 3.7999999523162842 3.7999999523162842 3.9000000953674316 3.7999999523162842 3.5 3 2.5999999046325684 2.2999999523162842
0.30000001192092896 0.30000001192092896 0.20000000298023224 0.20000000298023224 0.10000000149011612 0.10000000149011612 0.10000000149011612 0.10000000149011612 0.20000000298023224 0.20000000298023224 0.30000001192092896 0.40000000596046448 0.5 0.5 0.60000002384185791 0.60000002384185791 0.80000001192092896 0.89999997615814209 1 1.3999999761581421 1.6000000238418579 2.2000000476837158 3 3.0999999046325684 3.0999999046325684 3.0999999046325684 3.2000000476837158 3.2999999523162842 3.5 3.5999999046325684 3.5 3.4000000953674316 3.4000000953674316 3.5999999046325684 3.7999999523162842 3.9000000953674316 4 4.1999998092651367 4.1999998092651367 4 3.7000000476837158 3.5999999046325684 3.5999999046325684 3.7000000476837158 3.7999999523162842 3.5999999046325684 3.2999999523162842 2.9000000953674316 2.5 2.0999999046325684
0.30000001192092896 0.20000000298023224 0.20000000298023224 0.10000000149011612 0.10000000149011612 0.10000000149011612 0.10000000149011612 0.20000000298023224 0.20000000298023224 0.30000001192092896 0.40000000596046448 0.5 0.60000002384185791 0.69999998807907104 0.80000001192092896 1 1.2000000476837158 1.2999999523162842 1.5 1.8999999761581421 2 2.2999999523162842 3 3.2000000476837158 3.2000000476837158 3.2999999523162842 3.4000000953674316 3.4000000953674316 3.5 3.5999999046325684 3.5999999046325684 3.4000000953674316 3.5 3.5999999046325684 3.9000000953674316 3.9000000953674316 3.7999999523162842 3.9000000953674316 3.9000000953674316 3.7999999523162842 3.5 3.4000000953674316 3.5 3.7000000476837158 3.7000000476837158 3.4000000953674316 3.0999999046325684 2.7999999523162842 2.4000000953674316 2.2000000476837158
0.30000001192092896 0.20000000298023224 0.10000000149011612 0.10000000149011612 0.10000000149011612 0.10000000149011612 0.20000000298023224 0.30000001192092896 0.30000001192092896 0.40000000596046448 0.60000002384185791 0.69999998807907104 0.80000001192092896 1 1.1000000238418579 1.2999999523162842 1.5 1.6000000238418579 1.7999999523162842 2.4000000953674316 2.5999999046325684 2.7999999523162842 3.2000000476837158 3.2999999523162842 3.5 3.5 3.5 3.5 3.5999999046325684 3.7000000476837158 3.7999999523162842 3.7000000476837158 3.7999999523162842 3.9000000953674316 3.9000000953674316 4 3.9000000953674316 3.7999999523162842 3.9000000953674316 3.7999999523162842 3.5 3.2999999523162842 3.5 3.7000000476837158 3.7000000476837158 3.2999999523162842 3 2.7999999523162842 2.5 2.2999999523162842
0.30000001192092896 0.20000000298023224 0.10000000149011612 0.10000000149011612 0.10000000149011612 0.10000000149011612 0.20000000298023224 0.30000001192092896 0.40000000596046448 0.5 0.80000001192092896 0.89999997615814209 1.1000000238418579 1.2000000476837158 1.2999999523162842 1.5 1.6000000238418579 1.7000000476837158 2 2.7000000476837158 2.9000000953674316 3 3.2999999523162842 3.4000000953674316 3.5 3.5 3.5 3.5999999046325684 3.7000000476837158 3.9000000953674316 3.9000000953674316 4 4.0999999046325684 4 4 4 3.9000000953674316 3.7999999523162842 3.9000000953674316 3.7999999523162842 3.5 3.2999999523162842 3.5 3.7000000476837158 3.7000000476837158 3.4000000953674316 3.0999999046325684 3 2.7999999523162842 2.4000000953674316
0.10000000149011612 0.10000000149011612 0.10000000149011612 0.10000000149011612 0.20000000298023224 0.20000000298023224 0.30000001192092896 0.40000000596046448 0.5 0.69999998807907104 1.1000000238418579 1.2000000476837158 1.5 1.7999999523162842 2 2.2999999523162842 2.2000000476837158 2.0999999046325684 2.2000000476837158 3.0999999046325684 3.4000000953674316 3.2999999523162842 3.4000000953674316 3.5 3.5999999046325684 3.5999999046325684 3.5999999046325684 3.7000000476837158 4.0999999046325684 4.1999998092651367 4.1999998092651367 4.3000001907348633 4.3000001907348633 4.4000000953674316 4.0999999046325684 3.9000000953674316 3.7999999523162842 3.9000000953674316 3.9000000953674316 3.7999999523162842 3.2999999523162842 3.2000000476837158 3.2999999523162842 3.5999999046325684 3.5999999046325684 3.4000000953674316 3.2000000476837158 3.2000000476837158 2.9000000953674316 2.2000000476837158
0.10000000149011612 0.10000000149011612 0.10000000149011612 0.10000000149011612 0.30000001192092896 0.30000001192092896 0.5 0.60000002384185791 0.69999998807907104 1.2000000476837158 1.3999999761581421 1.6000000238418579 2 2.2000000476837158 2.4000000953674316 2.7999999523162842 2.5999999046325684 2.4000000953674316 2.2999999523162842 3 3.4000000953674316 3.5999999046325684 3.4000000953674316 3.5 3.7999999523162842 4 4.0999999046325684 4.1999998092651367 4.4000000953674316 4.4000000953674316 4.5 4.4000000953674316 4.4000000953674316 4.4000000953674316 4 3.9000000953674316 3.7000000476837158 3.7999999523162842 3.9000000953674316 3.7999999523162842 3.2999999523162842 3.0999999046325684 2.9000000953674316 2.9000000953674316 3 3.0999999046325684 3.5 3.5 3.0999999046325684 2.0999999046325684
0.10000000149011612 0.10000000149011612 0.10000000149011612 0.20000000298023224 0.30000001192092896 0.40000000596046448 0.5 0.69999998807907104 0.80000001192092896 1.2999999523162842 1.7000000476837158 1.8999999761581421 2.2000000476837158 2.2000000476837158 2.4000000953674316 2.9000000953674316 2.9000000953674316 2.5999999046325684 2.4000000953674316 3 3.2999999523162842 3.5999999046325684 3.5 3.5999999046325684 3.9000000953674316 4.3000001907348633 4.3000001907348633 4.5 4.5999999046325684 4.5 4.5999999046325684 4.5 4.5 4.4000000953674316 4 3.7999999523162842 3.7000000476837158 3.7999999523162842 3.7999999523162842 3.7000000476837158 3.4000000953674316 3.2000000476837158 2.9000000953674316 2.7999999523162842 2.7999999523162842 3.0999999046325684 3.4000000953674316 3.5 3 1.8999999761581421
0.20000000298023224 0.20000000298023224 0.10000000149011612 0.20000000298023224 0.40000000596046448 0.5 0.69999998807907104 0.89999997615814209 1 1.3999999761581421 1.7000000476837158 1.8999999761581421 2 2.2000000476837158 2.4000000953674316 3.0999999046325684 3.2999999523162842 3.2000000476837158 2.5999999046325684 2.9000000953674316 3.2999999523162842 3.7000000476837158 3.7999999523162842 4 4.4000000953674316 4.6999998092651367 4.8000001907348633 5 4.8000001907348633 4.5999999046325684 4.5 4.5999999046325684 4.5 4.3000001907348633 3.9000000953674316 3.9000000953674316 3.7999999523162842 3.7000000476837158 3.5999999046325684 3.5 3.4000000953674316 3.2999999523162842 2.9000000953674316 2.5999999046325684 2.7000000476837158 3 3.4000000953674316 3.2999999523162842 2.7000000476837158 1.7000000476837158
0.20000000298023224 0.20000000298023224 0.20000000298023224 0.30000001192092896 0.40000000596046448 0.60000002384185791 0.89999997615814209 1.2999999523162842 1.3999999761581421 1.6000000238418579 1.7000000476837158 1.7000000476837158 1.7000000476837158 2.2000000476837158 2.5 3.0999999046325684 3.4000000953674316 3.5 3.0999999046325684 3.0999999046325684 3.4000000953674316 4.0999999046325684 4.3000001907348633 4.4000000953674316 4.8000001907348633 5.0999999046325684 5.1999998092651367 5.1999998092651367 4.8000001907348633 4.5999999046325684 4.5 4.5999999046325684 4.5999999046325684 4.3000001907348633 4 3.9000000953674316 3.9000000953674316 3.7999999523162842 3.7000000476837158 3.4000000953674316 3.2000000476837158 3.2000000476837158 3 2.5 2.5 2.7000000476837158 3.0999999046325684 3 2.4000000953674316 1.6000000238418579
0.20000000298023224 0.20000000298023224 0.20000000298023224 0.30000001192092896 0.5 0.60000002384185791 1 1.2999999523162842 1.5 1.6000000238418579 1.6000000238418579 1.7000000476837158 1.7000000476837158 2 2.4000000953674316 3 3.4000000953674316 3.5 3.2999999523162842 3.2999999523162842 3.5 4.3000001907348633 4.5 4.5999999046325684 4.8000001907348633 5.0999999046325684 5.1999998092651367 5.3000001907348633 4.9000000953674316 4.6999998092651367 4.4000000953674316 4.5999999046325684 4.6999998092651367 4.4000000953674316 4.0999999046325684 3.9000000953674316 3.9000000953674316 3.9000000953674316 3.7999999523162842 3.4000000953674316 3.2000000476837158 3.2000000476837158 2.9000000953674316 2.5999999046325684 2.5 2.7999999523162842 3 2.9000000953674316 2.4000000953674316 1.6000000238418579
0.30000001192092896 0.30000001192092896 0.30000001192092896 0.40000000596046448 0.5 0.60000002384185791 0.89999997615814209 1.2999999523162842 1.3999999761581421 1.6000000238418579 1.6000000238418579 1.7000000476837158 1.8999999761581421 2 2 2.4000000953674316 3.0999999046325684 3.4000000953674316 4.0999999046325684 4 4 5 5 4.9000000953674316 5 5.1999998092651367 5.4000000953674316 5.5 5.0999999046325684 4.8000001907348633 4.3000001907348633 4.5 4.5999999046325684 4.8000001907348633 4.5999999046325684 4.4000000953674316 4.0999999046325684 4.1999998092651367 4.1999998092651367 4 3.4000000953674316 3.2999999523162842 3.0999999046325684 2.7999999523162842 2.7000000476837158 2.7000000476837158 2.9000000953674316 2.9000000953674316 2.2999999523162842 1.7000000476837158
0.5 0.30000001192092896 0.40000000596046448 0.60000002384185791 0.80000001192092896 0.80000001192092896 1 1.2000000476837158 1.2999999523162842 1.5 1.7000000476837158 1.7999999523162842 2.2000000476837158 2.4000000953674316 2.2999999523162842 2.2000000476837158 2.9000000953674316 3.4000000953674316 4.4000000953674316 4.5 4.5 5.4000000953674316 5.5 5.4000000953674316 5.3000001907348633 5.5999999046325684 5.6999998092651367 5.5999999046325684 5.1999998092651367 4.9000000953674316 4.5 4.6999998092651367 4.9000000953674316 5.1999998092651367 5 4.8000001907348633 4.4000000953674316 4.3000001907348633 4.4000000953674316 4.3000001907348633 4 3.9000000953674316 3.5 3.2000000476837158 3 2.7999999523162842 2.7999999523162842 2.7999999523162842 2.4000000953674316 1.7000000476837158
0.5 0.40000000596046448 0.40000000596046448 0.69999998807907104 0.89999997615814209 1 1.1000000238418579 1.2000000476837158 1.2999999523162842 1.5 1.7000000476837158 1.7999999523162842 2.5 2.9000000953674316 2.5999999046325684 2.2000000476837158 2.7999999523162842 3.2999999523162842 4.5 4.6999998092651367 4.8000001907348633 5.5999999046325684 5.6999998092651367 5.5 5.3000001907348633 5.5999999046325684 5.6999998092651367 5.5 5.1999998092651367 5 4.9000000953674316 5.1999998092651367 5.3000001907348633 5.4000000953674316 5.0999999046325684 4.9000000953674316 4.5 4.4000000953674316 4.4000000953674316 4.4000000953674316 4.1999998092651367 4 3.5999999046325684 3.2999999523162842 3.0999999046325684 2.7999999523162842 2.7999999523162842 2.7000000476837158 2.4000000953674316 1.7000000476837158
0.60000002384185791 0.60000002384185791 0.80000001192092896 0.89999997615814209 1.1000000238418579 1.2000000476837158 1.2999999523162842 1.2999999523162842 1.2999999523162842 1.3999999761581421 1.6000000238418579 2 2.4000000953674316 2.7999999523162842 2.7999999523162842 2.7999999523162842 3.0999999046325684 3.9000000953674316 4.9000000953674316 5.4000000953674316 5.4000000953674316 5.9000000953674316 5.8000001907348633 5.5999999046325684 5.1999998092651367 5.4000000953674316 5.5 5.4000000953674316 5.3000001907348633 5.1999998092651367 5.1999998092651367 5.5 5.5999999046325684 5.6999998092651367 5.4000000953674316 5.1999998092651367 4.5999999046325684 4.5 4.4000000953674316 4.5 4.5 4.3000001907348633 3.7000000476837158 3.4000000953674316 3.2999999523162842 2.9000000953674316 2.7000000476837158 2.7000000476837158 2.4000000953674316 1.7999999523162842
0.80000001192092896 0.80000001192092896 1 1.3999999761581421 1.6000000238418579 1.7000000476837158 1.8999999761581421 2 1.8999999761581421 1.8999999761581421 1.8999999761581421 2.2000000476837158 2.4000000953674316 2.5999999046325684 3 3.4000000953674316 3.7000000476837158 4.1999998092651367 5.1999998092651367 5.6999998092651367 5.9000000953674316 6.0999999046325684 6.0999999046325684 5.6999998092651367 5.3000001907348633 5.3000001907348633 5.5999999046325684 5.5999999046325684 5.4000000953674316 5.3000001907348633 5.3000001907348633 5.5 5.5999999046325684 5.5999999046325684 5.5 5.3000001907348633 4.5999999046325684 4.5 4.5 4.5 4.5 4.4000000953674316 3.7999999523162842 3.5 3.4000000953674316 3 2.7000000476837158 2.5999999046325684 2.4000000953674316 1.8999999761581421
0.89999997615814209 1 1.2000000476837158 1.5 1.7999999523162842 1.8999999761581421 2.0999999046325684 2.2999999523162842 2.2000000476837158 2.2000000476837158 2.2999999523162842 2.5 2.7999999523162842 3.0999999046325684 3.2999999523162842 3.7000000476837158 4 4.5 5.3000001907348633 6 6.3000001907348633 6.3000001907348633 6.4000000953674316 6 5.4000000953674316 5.4000000953674316 5.5999999046325684 5.5999999046325684 5.3000001907348633 5.3000001907348633 5.5 5.5999999046325684 5.5 5.5999999046325684 5.4000000953674316 5.1999998092651367 4.5999999046325684 4.5999999046325684 4.5 4.5 4.5 4.4000000953674316 3.9000000953674316 3.5999999046325684 3.5 3.0999999046325684 2.7000000476837158 2.5999999046325684 2.4000000953674316 2
1.2000000476837158 1.6000000238418579 1.7999999523162842 2 2.2000000476837158 2.2999999523162842 2.4000000953674316 2.7000000476837158 2.7000000476837158 2.5999999046325684 2.7999999523162842 2.9000000953674316 3.2999999523162842 3.9000000953674316 4.6999998092651367 4.9000000953674316 5.1999998092651367 5.6999998092651367 5.9000000953674316 6.5 7 7 6.8000001907348633 6.4000000953674316 5.8000001907348633 5.5 5.5 5.4000000953674316 5.1999998092651367 5.3000001907348633 5.5 5.5999999046325684 5.5999999046325684 5.4000000953674316 5.1999998092651367 4.6999998092651367 4.4000000953674316 4.5 4.5999999046325684 4.5999999046325684 4.4000000953674316 4.1999998092651367 4 3.7999999523162842 3.7000000476837158 3.2000000476837158 2.7000000476837158 2.4000000953674316 2.0999999046325684 1.8999999761581421
