DownloadStableBinariesAndSampleData/SampleGHG/rainfall/201609030610.asc
ncols        147
nrows        125
xllcorner    327780.046775160010
yllcorner    245700.024456010030
cellsize     500.000000000000
NODATA_value  -9999
[rows 66 to 87 of 125, columns 98 to 146 of 147]
1 1.1000000238418579 1.1000000238418579 1.1000000238418579 1.2000000476837158 1.2000000476837158 1.2999999523162842 1.5 1.6000000238418579 1.7999999523162842 2.0999999046325684 2.0999999046325684 2.2999999523162842 2.2999999523162842 2.2999999523162842 2.2999999523162842 2.5999999046325684 2.7000000476837158 2.9000000953674316 2.7999999523162842 2.7999999523162842 2.7000000476837158 2.7999999523162842 2.7999999523162842 2.9000000953674316 2.7999999523162842 2.7999999523162842 2.7000000476837158 2.5999999046325684 2.7000000476837158 2.7999999523162842 2.7999999523162842 2.7999999523162842 2.9000000953674316 2.7999999523162842 2.5999999046325684 2.7000000476837158 3.2000000476837158 3.9000000953674316 4 3.7000000476837158 3.5999999046325684 3.7000000476837158 3.7000000476837158 3.5 3.2999999523162842 3.0999999046325684 3 3.2000000476837158
1.1000000238418579 1.2000000476837158 1.2000000476837158 1.2000000476837158 1.2000000476837158 1.2999999523162842 1.3999999761581421 1.6000000238418579 1.7000000476837158 1.8999999761581421 2 2.0999999046325684 2.2000000476837158 2.2000000476837158 2.2000000476837158 2.2999999523162842 2.5999999046325684 2.7000000476837158 2.7000000476837158 2.5999999046325684 2.5999999046325684 2.5999999046325684 2.7000000476837158 2.7999999523162842 2.7999999523162842 2.7999999523162842 2.7999999523162842 2.7000000476837158 2.5999999046325684 2.5999999046325684 2.7000000476837158 2.5999999046325684 2.5999999046325684 2.5999999046325684 2.4000000953674316 2.2999999523162842 2.4000000953674316 3.7000000476837158 3.9000000953674316 4.0999999046325684 3.7000000476837158 3.5999999046325684 3.5999999046325684 3.7000000476837158 3.5999999046325684 3.4000000953674316 3.0999999046325684 2.9000000953674316 3
1.2000000476837158 1.2999999523162842 1.2999999523162842 1.2999999523162842 1.2999999523162842 1.2999999523162842 1.3999999761581421 1.7000000476837158 1.7999999523162842 1.8999999761581421 2.0999999046325684 2.0999999046325684 2.2000000476837158 2.2000000476837158 2.2000000476837158 2.2999999523162842 2.5999999046325684 2.5999999046325684 2.5999999046325684 2.5 2.5999999046325684 2.5999999046325684 2.7000000476837158 2.7000000476837158 2.7999999523162842 2.7000000476837158 2.7000000476837158 2.7000000476837158 2.5999999046325684 2.5999999046325684 2.7000000476837158 2.5999999046325684 2.5999999046325684 2.5 2.2999999523162842 2.2000000476837158 2.2999999523162842 3.5 3.7999999523162842 4.1999998092651367 3.9000000953674316 3.7000000476837158 3.5999999046325684 3.7000000476837158 3.7000000476837158 3.5 3.0999999046325684 2.9000000953674316 2.9000000953674316
1.2999999523162842 1.3999999761581421 1.3999999761581421 1.5 1.5 1.5 1.5 1.8999999761581421 2 2.2000000476837158 2.0999999046325684 2.0999999046325684 2.0999999046325684 2.2000000476837158 2.2999999523162842 2.4000000953674316 2.5 2.5 2.5 2.5 2.5 2.5 2.5 2.5999999046325684 2.5999999046325684 2.5999999046325684 2.5999999046325684 2.5999999046325684 2.5 2.5 2.5999999046325684 2.5999999046325684 2.5 2.4000000953674316 2.2000000476837158 2.0999999046325684 2.0999999046325684 3.2000000476837158 3.5 4.0999999046325684 4 3.7999999523162842 3.5999999046325684 3.7999999523162842 3.7999999523162842 3.5999999046325684 3.0999999046325684 2.9000000953674316 2.7999999523162842
1.2999999523162842 1.3999999761581421 1.5 1.7000000476837158 1.7999999523162842 1.7000000476837158 1.7000000476837158 2 2.0999999046325684 2.2000000476837158 2.2000000476837158 2.2000000476837158 2.2999999523162842 2.2999999523162842 2.4000000953674316 2.5 2.5 2.5 2.5 2.5 2.5 2.5 2.4000000953674316 2.4000000953674316 2.4000000953674316 2.4000000953674316 2.4000000953674316 2.5 2.4000000953674316 2.4000000953674316 2.4000000953674316 2.4000000953674316 2.4000000953674316 2.2999999523162842 2.0999999046325684 2 2.0999999046325684 2.7999999523162842 3.0999999046325684 3.7000000476837158 3.9000000953674316 3.7999999523162842 3.5999999046325684 3.7999999523162842 3.9000000953674316 3.7000000476837158 3.0999999046325684 2.9000000953674316 2.7000000476837158
1.3999999761581421 1.5 1.5 1.7999999523162842 1.8999999761581421 1.7999999523162842 1.7999999523162842 2 2.0999999046325684 2.2000000476837158 2.2000000476837158 2.2000000476837158 2.2999999523162842 2.4000000953674316 2.4000000953674316 2.5 2.5 2.5 2.4000000953674316 2.5 2.5 2.5 2.4000000953674316 2.4000000953674316 2.2999999523162842 2.2999999523162842 2.2999999523162842 2.4000000953674316 2.4000000953674316 2.4000000953674316 2.4000000953674316 2.4000000953674316 2.4000000953674316 2.2999999523162842 2.0999999046325684 2 2 2.5 2.7000000476837158 3.2000000476837158 3.7000000476837158 3.7999999523162842 3.5999999046325684 3.7999999523162842 3.9000000953674316 3.7000000476837158 3.0999999046325684 2.9000000953674316 2.7000000476837158
1.3999999761581421 1.5 1.5 1.7999999523162842 2 2.0999999046325684 2.0999999046325684 2.0999999046325684 2.0999999046325684 2.2000000476837158 2.2000000476837158 2.2000000476837158 2.2999999523162842 2.4000000953674316 2.5 2.5 2.4000000953674316 2.4000000953674316 2.4000000953674316 2.4000000953674316 2.4000000953674316 2.4000000953674316 2.2999999523162842 2.2999999523162842 2.0999999046325684 2.0999999046325684 2.0999999046325684 2.2000000476837158 2.2999999523162842 2.2999999523162842 2.2999999523162842 2.2000000476837158 2.2999999523162842 2.2999999523162842 2.0999999046325684 2.0999999046325684 2.0999999046325684 2.2000000476837158 2.2999999523162842 2.5999999046325684 3.2000000476837158 3.4000000953674316 3.5 3.5999999046325684 3.5999999046325684 3.5 3 2.9000000953674316 2.7000000476837158
1.5 1.6000000238418579 1.6000000238418579 1.7999999523162842 2 2.0999999046325684 2.2000000476837158 2.2000000476837158 2.2000000476837158 2.2000000476837158 2.2000000476837158 2.2000000476837158 2.2000000476837158 2.2999999523162842 2.2999999523162842 2.2999999523162842 2.2000000476837158 2.2000000476837158 2.2000000476837158 2.2999999523162842 2.2999999523162842 2.2000000476837158 2.2000000476837158 2.2000000476837158 2.0999999046325684 2 2 2.0999999046325684 2.2000000476837158 2.2000000476837158 2.2000000476837158 2 2 2.0999999046325684 2.2000000476837158 2.2000000476837158 2.2999999523162842 2.0999999046325684 2.0999999046325684 2.2000000476837158 2.7000000476837158 2.9000000953674316 3.2000000476837158 3.4000000953674316 3.4000000953674316 3.2000000476837158 2.7999999523162842 2.7000000476837158 2.5999999046325684
1.7000000476837158 1.7999999523162842 1.7999999523162842 1.7999999523162842 2 2.0999999046325684 2.2000000476837158 2.2000000476837158 2.2000000476837158 2.2000000476837158 2.2000000476837158 2.2000000476837158 2.2000000476837158 2.2000000476837158 2.2000000476837158 2.2000000476837158 2.0999999046325684 2.0999999046325684 2 2 2.0999999046325684 2.0999999046325684 2.2000000476837158 2.0999999046325684 2 2 2 2.0999999046325684 2.2000000476837158 2.2000000476837158 2.0999999046325684 2 2 2.0999999046325684 2.2000000476837158 2.2000000476837158 2.4000000953674316 2.2000000476837158 2.0999999046325684 2.0999999046325684 2.4000000953674316 2.7000000476837158 2.9000000953674316 3.2000000476837158 3.2000000476837158 3.2000000476837158 2.7000000476837158 2.5999999046325684 2.4000000953674316
1.7000000476837158 2 2.0999999046325684 2.0999999046325684 2.2000000476837158 2.2000000476837158 2.2000000476837158 2.2000000476837158 2.2000000476837158 2.0999999046325684 2.0999999046325684 2.0999999046325684 2.0999999046325684 2 2 2.0999999046325684 2 2 1.8999999761581421 1.8999999761581421 1.8999999761581421 1.8999999761581421 2 2 2 2 2 2.0999999046325684 2.0999999046325684 2.0999999046325684 2.0999999046325684 1.8999999761581421 1.7999999523162842 2 2.2000000476837158 2.2999999523162842 2.5 2.4000000953674316 2.2999999523162842 2.2999999523162842 2.2999999523162842 2.2999999523162842 2.4000000953674316 2.7000000476837158 2.9000000953674316 3 2.5 2.2000000476837158 2
1.7999999523162842 2.0999999046325684 2.2999999523162842 2.2000000476837158 2.2000000476837158 2.2000000476837158 2.2000000476837158 2.0999999046325684 2.0999999046325684 2.0999999046325684 2 2 1.8999999761581421 1.8999999761581421 1.8999999761581421 2 1.8999999761581421 1.8999999761581421 1.7999999523162842 1.7999999523162842 1.7999999523162842 1.7999999523162842 1.7999999523162842 1.8999999761581421 2 1.8999999761581421 1.7999999523162842 2 2.0999999046325684 2 2 1.8999999761581421 1.7999999523162842 1.7999999523162842 2.0999999046325684 2.2000000476837158 2.5 2.5 2.5 2.4000000953674316 2.2999999523162842 2.2999999523162842 2.2999999523162842 2.5 2.5999999046325684 2.7999999523162842 2.5 2.2999999523162842 1.8999999761581421
1.7999999523162842 2.0999999046325684 2.2999999523162842 2.2000000476837158 2.2000000476837158 2.2000000476837158 2.2000000476837158 2.0999999046325684 2.0999999046325684 2.0999999046325684 2 2 1.8999999761581421 1.8999999761581421 1.8999999761581421 2 1.8999999761581421 1.8999999761581421 1.7999999523162842 1.7000000476837158 1.7000000476837158 1.7000000476837158 1.7000000476837158 1.7999999523162842 1.8999999761581421 1.7999999523162842 1.7000000476837158 1.8999999761581421 2 2 2 1.8999999761581421 1.7999999523162842 1.7999999523162842 2 2.2000000476837158 2.5 2.5 2.5 2.4000000953674316 2.4000000953674316 2.2999999523162842 2.2000000476837158 2.4000000953674316 2.5 2.7999999523162842 2.5 2.4000000953674316 1.8999999761581421
1.8999999761581421 2.0999999046325684 2.2999999523162842 2.2000000476837158 2.0999999046325684 2.2000000476837158 2.0999999046325684 2 2 2 2 1.8999999761581421 1.8999999761581421 1.8999999761581421 1.8999999761581421 1.8999999761581421 1.8999999761581421 1.7999999523162842 1.7999999523162842 1.7000000476837158 1.7000000476837158 1.6000000238418579 1.6000000238418579 1.6000000238418579 1.7999999523162842 1.6000000238418579 1.6000000238418579 1.6000000238418579 1.7999999523162842 1.8999999761581421 1.8999999761581421 1.7999999523162842 1.7000000476837158 1.7000000476837158 2 2.2000000476837158 2.5 2.5 2.5 2.5 2.4000000953674316 2.2999999523162842 2.2000000476837158 2.2999999523162842 2.5 2.7999999523162842 2.7000000476837158 2.5 2
2 2.0999999046325684 2.2999999523162842 2.2000000476837158 2.2000000476837158 2.0999999046325684 2.0999999046325684 2 2 2 1.8999999761581421 1.7999999523162842 1.7999999523162842 1.8999999761581421 1.8999999761581421 1.8999999761581421 1.7999999523162842 1.7000000476837158 1.7999999523162842 1.7000000476837158 1.7000000476837158 1.6000000238418579 1.5 1.6000000238418579 1.7000000476837158 1.6000000238418579 1.5 1.5 1.6000000238418579 1.7000000476837158 1.7999999523162842 1.7000000476837158 1.7000000476837158 1.7999999523162842 2 2.2000000476837158 2.4000000953674316 2.4000000953674316 2.5 2.5 2.4000000953674316 2.2999999523162842 2.2999999523162842 2.2999999523162842 2.4000000953674316 2.7000000476837158 2.5999999046325684 2.5 2
2.0999999046325684 2.2000000476837158 2.2999999523162842 2.2000000476837158 2.2000000476837158 2.0999999046325684 2.0999999046325684 2 2 2 1.8999999761581421 1.7999999523162842 1.7999999523162842 1.8999999761581421 1.8999999761581421 1.8999999761581421 1.7999999523162842 1.7000000476837158 1.7000000476837158 1.7000000476837158 1.6000000238418579 1.5 1.5 1.5 1.6000000238418579 1.6000000238418579 1.5 1.5 1.6000000238418579 1.6000000238418579 1.7000000476837158 1.7000000476837158 1.7000000476837158 1.7999999523162842 2.0999999046325684 2.2000000476837158 2.2999999523162842 2.4000000953674316 2.4000000953674316 2.4000000953674316 2.4000000953674316 2.2999999523162842 2.2999999523162842 2.4000000953674316 2.4000000953674316 2.5999999046325684 2.5 2.4000000953674316 2
2.4000000953674316 2.4000000953674316 2.4000000953674316 2.5 2.4000000953674316 2.2000000476837158 2.0999999046325684 2.0999999046325684 2.0999999046325684 2 1.8999999761581421 1.7999999523162842 1.7999999523162842 1.8999999761581421 1.8999999761581421 1.7999999523162842 1.7000000476837158 1.7000000476837158 1.7000000476837158 1.7000000476837158 1.6000000238418579 1.5 1.5 1.5 1.5 1.3999999761581421 1.3999999761581421 1.3999999761581421 1.3999999761581421 1.5 1.7000000476837158 1.7999999523162842 1.7999999523162842 1.8999999761581421 2.0999999046325684 2.2000000476837158 2.2999999523162842 2.2000000476837158 2.2000000476837158 2.2999999523162842 2.2999999523162842 2.2999999523162842 2.2999999523162842 2.4000000953674316 2.4000000953674316 2.4000000953674316 2.4000000953674316 2.2999999523162842 2
2.5999999046325684 2.5 2.5 2.5999999046325684 2.4000000953674316 2.2999999523162842 2.0999999046325684 2.0999999046325684 2.0999999046325684 2 1.7999999523162842 1.7999999523162842 1.7999999523162842 1.7999999523162842 1.7999999523162842 1.7000000476837158 1.6000000238418579 1.6000000238418579 1.6000000238418579 1.6000000238418579 1.5 1.5 1.5 1.5 1.5 1.3999999761581421 1.3999999761581421 1.3999999761581421 1.3999999761581421 1.5 1.6000000238418579 1.7999999523162842 1.7999999523162842 1.8999999761581421 2.0999999046325684 2.0999999046325684 2.0999999046325684 2.0999999046325684 2.0999999046325684 2.0999999046325684 2.2000000476837158 2.2000000476837158 2.2999999523162842 2.4000000953674316 2.4000000953674316 2.2999999523162842 2.2000000476837158 2.2000000476837158 2
2.7999999523162842 2.5999999046325684 2.5999999046325684 2.5999999046325684 2.4000000953674316 2.2999999523162842 2.2000000476837158 2.0999999046325684 2.0999999046325684 2 1.7999999523162842 1.7999999523162842 1.7999999523162842 1.7999999523162842 1.7000000476837158 1.6000000238418579 1.5 1.5 1.5 1.3999999761581421 1.3999999761581421 1.3999999761581421 1.3999999761581421 1.5 1.5 1.3999999761581421 1.3999999761581421 1.2999999523162842 1.3999999761581421 1.3999999761581421 1.5 1.7000000476837158 1.7999999523162842 1.8999999761581421 2.0999999046325684 2 2 2 1.8999999761581421 1.8999999761581421 2 2.0999999046325684 2.2000000476837158 2.4000000953674316 2.4000000953674316 2.2000000476837158 2.2000000476837158 2.2000000476837158 2
2.9000000953674316 2.5999999046325684 2.5 2.4000000953674316 2.2999999523162842 2.2999999523162842 2.0999999046325684 2.0999999046325684 2 1.8999999761581421 1.7000000476837158 1.7000000476837158 1.7000000476837158 1.7000000476837158 1.6000000238418579 1.6000000238418579 1.5 1.3999999761581421 1.3999999761581421 1.2999999523162842 1.2999999523162842 1.2999999523162842 1.3999999761581421 1.3999999761581421 1.3999999761581421 1.3999999761581421 1.3999999761581421 1.3999999761581421 1.3999999761581421 1.3999999761581421 1.3999999761581421 1.5 1.7000000476837158 1.8999999761581421 2 1.8999999761581421 1.8999999761581421 1.8999999761581421 1.8999999761581421 1.7999999523162842 1.7999999523162842 1.8999999761581421 2 2.0999999046325684 2.2999999523162842 2.2999999523162842 2.0999999046325684 2.0999999046325684 1.8999999761581421
2.9000000953674316 2.5999999046325684 2.5999999046325684 2.4000000953674316 2.2000000476837158 2.2000000476837158 2.0999999046325684 2.0999999046325684 2.0999999046325684 1.7999999523162842 1.6000000238418579 1.6000000238418579 1.6000000238418579 1.6000000238418579 1.5 1.5 1.3999999761581421 1.3999999761581421 1.3999999761581421 1.2999999523162842 1.2999999523162842 1.2999999523162842 1.2999999523162842 1.2999999523162842 1.2999999523162842 1.3999999761581421 1.3999999761581421 1.5 1.3999999761581421 1.3999999761581421 1.3999999761581421 1.3999999761581421 1.5 1.7000000476837158 1.7000000476837158 1.7000000476837158 1.7000000476837158 1.7000000476837158 1.7999999523162842 1.7000000476837158 1.7000000476837158 1.7999999523162842 1.7999999523162842 2 2.2000000476837158 2.2000000476837158 2.0999999046325684 2 1.8999999761581421
2.7999999523162842 2.7000000476837158 2.5999999046325684 2.4000000953674316 2.2000000476837158 2.2000000476837158 2.0999999046325684 2.0999999046325684 2.0999999046325684 1.8999999761581421 1.6000000238418579 1.6000000238418579 1.7000000476837158 1.6000000238418579 1.5 1.5 1.3999999761581421 1.3999999761581421 1.2999999523162842 1.2000000476837158 1.2000000476837158 1.2999999523162842 1.2999999523162842 1.2999999523162842 1.2999999523162842 1.3999999761581421 1.3999999761581421 1.5 1.3999999761581421 1.3999999761581421 1.3999999761581421 1.3999999761581421 1.3999999761581421 1.7000000476837158 1.7000000476837158 1.6000000238418579 1.6000000238418579 1.7000000476837158 1.7000000476837158 1.7000000476837158 1.7000000476837158 1.7000000476837158 1.7999999523162842 1.8999999761581421 2.0999999046325684 2.2000000476837158 2.0999999046325684 2 1.7999999523162842
2.7000000476837158 2.5999999046325684 2.5999999046325684 2.4000000953674316 2.0999999046325684 2.0999999046325684 2.0999999046325684 2.0999999046325684 2 1.8999999761581421 1.7000000476837158 1.7000000476837158 1.7000000476837158 1.6000000238418579 1.5 1.3999999761581421 1.3999999761581421 1.3999999761581421 1.2999999523162842 1.2000000476837158 1.2999999523162842 1.2999999523162842 1.2999999523162842 1.2999999523162842 1.2999999523162842 1.2999999523162842 1.3999999761581421 1.3999999761581421 1.3999999761581421 1.2999999523162842 1.3999999761581421 1.2999999523162842 1.3999999761581421 1.6000000238418579 1.6000000238418579 1.6000000238418579 1.6000000238418579 1.5 1.6000000238418579 1.7000000476837158 1.7000000476837158 1.7000000476837158 1.7000000476837158 1.7000000476837158 1.7000000476837158 1.7999999523162842 1.7999999523162842 1.7999999523162842 1.6000000238418579
