DownloadStableBinariesAndSampleData/SampleGHG/rainfall/201609030610.asc
ncols        147
nrows        125
xllcorner    327780.046775160010
yllcorner    245700.024456010030
cellsize     500.000000000000
NODATA_value  -9999
[rows 66 to 87 of 125, columns 49 to 97 of 147]
0.20000000298023224 0.20000000298023224 0.20000000298023224 0.20000000298023224 0.20000000298023224 0.20000000298023224 0.20000000298023224 0.10000000149011612 0.10000000149011612 0.10000000149011612 0.10000000149011612 0.10000000149011612 0.20000000298023224 0.20000000298023224 0.30000001192092896 0.30000001192092896 0.40000000596046448 0.40000000596046448 0.5 0.60000002384185791 0.60000002384185791 0.60000002384185791 0.60000002384185791 0.60000002384185791 0.60000002384185791 0.60000002384185791 0.60000002384185791 0.60000002384185791 0.60000002384185791 0.69999998807907104 0.69999998807907104 0.60000002384185791 0.5 0.5 0.5 0.40000000596046448 0.40000000596046448 0.40000000596046448 0.40000000596046448 0.40000000596046448 0.40000000596046448 0.40000000596046448 0.5 0.60000002384185791 0.69999998807907104 0.69999998807907104 0.80000001192092896 0.89999997615814209 1
0.20000000298023224 0.30000001192092896 0.30000001192092896 0.30000001192092896 0.20000000298023224 0.20000000298023224 0.20000000298023224 0.10000000149011612 0.20000000298023224 0.10000000149011612 0.10000000149011612 0.20000000298023224 0.20000000298023224 0.20000000298023224 0.20000000298023224 0.30000001192092896 0.40000000596046448 0.5 0.5 0.60000002384185791 0.60000002384185791 0.60000002384185791 0.60000002384185791 0.60000002384185791 0.60000002384185791 0.69999998807907104 0.69999998807907104 0.60000002384185791 0.69999998807907104 0.69999998807907104 0.69999998807907104 0.60000002384185791 0.60000002384185791 0.5 0.40000000596046448 0.40000000596046448 0.40000000596046448 0.5 0.5 0.40000000596046448 0.5 0.60000002384185791 0.60000002384185791 0.69999998807907104 0.80000001192092896 0.80000001192092896 0.89999997615814209 1 1
0.30000001192092896 0.30000001192092896 0.30000001192092896 0.30000001192092896 0.20000000298023224 0.20000000298023224 0.20000000298023224 0.20000000298023224 0.20000000298023224 0.20000000298023224 0.20000000298023224 0.20000000298023224 0.20000000298023224 0.20000000298023224 0.20000000298023224 0.30000001192092896 0.30000001192092896 0.5 0.5 0.60000002384185791 0.60000002384185791 0.60000002384185791 0.60000002384185791 0.60000002384185791 0.69999998807907104 0.69999998807907104 0.69999998807907104 0.69999998807907104 0.69999998807907104 0.69999998807907104 0.69999998807907104 0.60000002384185791 0.5 0.5 0.5 0.40000000596046448 0.5 0.5 0.5 0.5 0.5 0.60000002384185791 0.60000002384185791 0.80000001192092896 0.89999997615814209 0.89999997615814209 0.89999997615814209 1.1000000238418579 1.1000000238418579
0.30000001192092896 0.30000001192092896 0.30000001192092896 0.20000000298023224 0.20000000298023224 0.20000000298023224 0.20000000298023224 0.20000000298023224 0.20000000298023224 0.20000000298023224 0.20000000298023224 0.30000001192092896 0.30000001192092896 0.30000001192092896 0.30000001192092896 0.30000001192092896 0.40000000596046448 0.5 0.5 0.60000002384185791 0.60000002384185791 0.60000002384185791 0.60000002384185791 0.60000002384185791 0.60000002384185791 0.69999998807907104 0.69999998807907104 0.69999998807907104 0.69999998807907104 0.69999998807907104 0.60000002384185791 0.5 0.5 0.5 0.5 0.5 0.5 0.60000002384185791 0.60000002384185791 0.60000002384185791 0.60000002384185791 0.69999998807907104 0.69999998807907104 0.89999997615814209 1 1 1.1000000238418579 1.1000000238418579 1.2000000476837158
0.30000001192092896 0.30000001192092896 0.20000000298023224 0.20000000298023224 0.20000000298023224 0.20000000298023224 0.20000000298023224 0.10000000149011612 0.20000000298023224 0.20000000298023224 0.20000000298023224 0.30000001192092896 0.30000001192092896 0.40000000596046448 0.40000000596046448 0.40000000596046448 0.5 0.5 0.5 0.60000002384185791 0.60000002384185791 0.60000002384185791 0.5 0.60000002384185791 0.60000002384185791 0.60000002384185791 0.69999998807907104 0.69999998807907104 0.60000002384185791 0.60000002384185791 0.60000002384185791 0.5 0.40000000596046448 0.40000000596046448 0.5 0.5 0.5 0.69999998807907104 0.69999998807907104 0.69999998807907104 0.80000001192092896 0.80000001192092896 0.89999997615814209 1 1 1.1000000238418579 1.2000000476837158 1.2000000476837158 1.2999999523162842
0.30000001192092896 0.30000001192092896 0.20000000298023224 0.20000000298023224 0.20000000298023224 0.20000000298023224 0.20000000298023224 0.10000000149011612 0.10000000149011612 0.20000000298023224 0.20000000298023224 0.30000001192092896 0.30000001192092896 0.40000000596046448 0.40000000596046448 0.5 0.5 0.5 0.60000002384185791 0.60000002384185791 0.60000002384185791 0.60000002384185791 0.5 0.5 0.60000002384185791 0.60000002384185791 0.60000002384185791 0.60000002384185791 0.5 0.5 0.5 0.5 0.40000000596046448 0.40000000596046448 0.5 0.5 0.5 0.69999998807907104 0.69999998807907104 0.80000001192092896 0.80000001192092896 0.89999997615814209 0.89999997615814209 1 1.1000000238418579 1.1000000238418579 1.2999999523162842 1.2999999523162842 1.2999999523162842
0.30000001192092896 0.30000001192092896 0.20000000298023224 0.20000000298023224 0.20000000298023224 0.20000000298023224 0.20000000298023224 0.10000000149011612 0.10000000149011612 0.10000000149011612 0.20000000298023224 0.30000001192092896 0.30000001192092896 0.40000000596046448 0.5 0.5 0.60000002384185791 0.60000002384185791 0.60000002384185791 0.60000002384185791 0.60000002384185791 0.60000002384185791 0.60000002384185791 0.60000002384185791 0.60000002384185791 0.5 0.60000002384185791 0.5 0.5 0.5 0.5 0.5 0.5 0.5 0.5 0.5 0.60000002384185791 0.60000002384185791 0.69999998807907104 0.80000001192092896 0.89999997615814209 1 1 1.1000000238418579 1.1000000238418579 1.2000000476837158 1.2999999523162842 1.3999999761581421 1.3999999761581421
0.30000001192092896 0.30000001192092896 0.20000000298023224 0.20000000298023224 0.20000000298023224 0.20000000298023224 0.20000000298023224 0.20000000298023224 0.10000000149011612 0.10000000149011612 0.20000000298023224 0.30000001192092896 0.30000001192092896 0.40000000596046448 0.5 0.60000002384185791 0.60000002384185791 0.69999998807907104 0.69999998807907104 0.69999998807907104 0.60000002384185791 0.60000002384185791 0.60000002384185791 0.60000002384185791 0.60000002384185791 0.5 0.5 0.5 0.40000000596046448 0.5 0.5 0.5 0.5 0.5 0.5 0.60000002384185791 0.60000002384185791 0.60000002384185791 0.69999998807907104 0.69999998807907104 0.80000001192092896 1 1.1000000238418579 1.2000000476837158 1.2999999523162842 1.2999999523162842 1.3999999761581421 1.5 1.5
0.30000001192092896 0.30000001192092896 0.20000000298023224 0.20000000298023224 0.20000000298023224 0.20000000298023224 0.20000000298023224 0.20000000298023224 0.20000000298023224 0.20000000298023224 0.20000000298023224 0.30000001192092896 0.40000000596046448 0.40000000596046448 0.5 0.60000002384185791 0.69999998807907104 0.69999998807907104 0.69999998807907104 0.69999998807907104 0.60000002384185791 0.60000002384185791 0.60000002384185791 0.60000002384185791 0.5 0.5 0.5 0.40000000596046448 0.40000000596046448 0.40000000596046448 0.40000000596046448 0.5 0.5 0.5 0.60000002384185791 0.60000002384185791 0.60000002384185791 0.60000002384185791 0.60000002384185791 0.69999998807907104 0.80000001192092896 1 1.1000000238418579 1.2999999523162842 1.2999999523162842 1.3999999761581421 1.3999999761581421 1.5 1.5
0.30000001192092896 0.30000001192092896 0.20000000298023224 0.20000000298023224 0.20000000298023224 0.20000000298023224 0.20000000298023224 0.20000000298023224 0.20000000298023224 0.20000000298023224 0.30000001192092896 0.30000001192092896 0.40000000596046448 0.40000000596046448 0.5 0.5 0.60000002384185791 0.69999998807907104 0.69999998807907104 0.69999998807907104 0.69999998807907104 0.60000002384185791 0.60000002384185791 0.60000002384185791 0.5 0.5 0.5 0.40000000596046448 0.40000000596046448 0.40000000596046448 0.40000000596046448 0.5 0.5 0.60000002384185791 0.60000002384185791 0.60000002384185791 0.60000002384185791 0.69999998807907104 0.69999998807907104 0.69999998807907104 0.89999997615814209 1.1000000238418579 1.2999999523162842 1.5 1.5 1.5 1.6000000238418579 1.6000000238418579 1.6000000238418579
0.30000001192092896 0.30000001192092896 0.20000000298023224 0.20000000298023224 0.20000000298023224 0.20000000298023224 0.30000001192092896 0.30000001192092896 0.30000001192092896 0.30000001192092896 0.30000001192092896 0.40000000596046448 0.40000000596046448 0.40000000596046448 0.5 0.5 0.60000002384185791 0.69999998807907104 0.69999998807907104 0.69999998807907104 0.69999998807907104 0.69999998807907104 0.60000002384185791 0.5 0.5 0.5 0.5 0.40000000596046448 0.40000000596046448 0.40000000596046448 0.40000000596046448 0.40000000596046448 0.60000002384185791 0.69999998807907104 0.69999998807907104 0.69999998807907104 0.69999998807907104 0.69999998807907104 0.80000001192092896 0.89999997615814209 1.1000000238418579 1.3999999761581421 1.6000000238418579 1.7000000476837158 1.7999999523162842 1.8999999761581421 2 2 1.7999999523162842
0.40000000596046448 0.30000001192092896 0.30000001192092896 0.20000000298023224 0.20000000298023224 0.20000000298023224 0.30000001192092896 0.30000001192092896 0.30000001192092896 0.30000001192092896 0.40000000596046448 0.40000000596046448 0.40000000596046448 0.40000000596046448 0.5 0.5 0.60000002384185791 0.69999998807907104 0.69999998807907104 0.69999998807907104 0.69999998807907104 0.60000002384185791 0.60000002384185791 0.5 0.5 0.60000002384185791 0.5 0.5 0.40000000596046448 0.40000000596046448 0.40000000596046448 0.5 0.60000002384185791 0.69999998807907104 0.69999998807907104 0.69999998807907104 0.69999998807907104 0.69999998807907104 0.80000001192092896 1 1.2000000476837158 1.5 1.7000000476837158 1.7999999523162842 1.8999999761581421 2 2.0999999046325684 2.0999999046325684 2
0.40000000596046448 0.40000000596046448 0.30000001192092896 0.30000001192092896 0.20000000298023224 0.30000001192092896 0.30000001192092896 0.30000001192092896 0.40000000596046448 0.40000000596046448 0.40000000596046448 0.5 0.5 0.5 0.5 0.60000002384185791 0.69999998807907104 0.69999998807907104 0.69999998807907104 0.60000002384185791 0.60000002384185791 0.60000002384185791 0.60000002384185791 0.5 0.60000002384185791 0.60000002384185791 0.60000002384185791 0.5 0.5 0.40000000596046448 0.5 0.5 0.60000002384185791 0.69999998807907104 0.69999998807907104 0.80000001192092896 0.80000001192092896 0.89999997615814209 0.89999997615814209 1.1000000238418579 1.2999999523162842 1.6000000238418579 1.7999999523162842 2 2.2000000476837158 2.5 2.5 2.2999999523162842 2
0.30000001192092896 0.30000001192092896 0.30000001192092896 0.20000000298023224 0.20000000298023224 0.30000001192092896 0.30000001192092896 0.40000000596046448 0.5 0.5 0.5 0.60000002384185791 0.60000002384185791 0.60000002384185791 0.69999998807907104 0.69999998807907104 0.69999998807907104 0.60000002384185791 0.60000002384185791 0.60000002384185791 0.60000002384185791 0.60000002384185791 0.60000002384185791 0.5 0.5 0.60000002384185791 0.60000002384185791 0.5 0.5 0.5 0.5 0.60000002384185791 0.69999998807907104 0.69999998807907104 0.69999998807907104 0.89999997615814209 0.89999997615814209 1 1.2000000476837158 1.2999999523162842 1.5 1.7000000476837158 2 2.0999999046325684 2.2999999523162842 2.7000000476837158 2.9000000953674316 2.5999999046325684 2.2000000476837158
0.30000001192092896 0.30000001192092896 0.20000000298023224 0.20000000298023224 0.20000000298023224 0.30000001192092896 0.40000000596046448 0.40000000596046448 0.5 0.5 0.5 0.60000002384185791 0.60000002384185791 0.69999998807907104 0.69999998807907104 0.69999998807907104 0.69999998807907104 0.60000002384185791 0.60000002384185791 0.60000002384185791 0.60000002384185791 0.60000002384185791 0.60000002384185791 0.5 0.5 0.5 0.60000002384185791 0.5 0.5 0.5 0.5 0.60000002384185791 0.69999998807907104 0.69999998807907104 0.69999998807907104 0.89999997615814209 1 1.1000000238418579 1.2999999523162842 1.3999999761581421 1.6000000238418579 1.8999999761581421 2 2.0999999046325684 2.2999999523162842 2.7000000476837158 3 2.7000000476837158 2.2999999523162842
0.30000001192092896 0.30000001192092896 0.20000000298023224 0.20000000298023224 0.30000001192092896 0.40000000596046448 0.40000000596046448 0.5 0.5 0.5 0.60000002384185791 0.60000002384185791 0.60000002384185791 0.69999998807907104 0.80000001192092896 0.69999998807907104 0.69999998807907104 0.60000002384185791 0.60000002384185791 0.60000002384185791 0.5 0.60000002384185791 0.5 0.5 0.5 0.5 0.5 0.5 0.5 0.5 0.5 0.60000002384185791 0.69999998807907104 0.69999998807907104 0.89999997615814209 1.1000000238418579 1.2000000476837158 1.2999999523162842 1.6000000238418579 1.7000000476837158 1.7999999523162842 2 2.0999999046325684 2.2000000476837158 2.4000000953674316 2.5999999046325684 2.9000000953674316 2.5999999046325684 2.5
0.30000001192092896 0.30000001192092896 0.20000000298023224 0.20000000298023224 0.30000001192092896 0.40000000596046448 0.40000000596046448 0.5 0.5 0.5 0.5 0.60000002384185791 0.60000002384185791 0.69999998807907104 0.69999998807907104 0.69999998807907104 0.60000002384185791 0.60000002384185791 0.60000002384185791 0.60000002384185791 0.5 0.5 0.40000000596046448 0.5 0.5 0.5 0.60000002384185791 0.60000002384185791 0.60000002384185791 0.60000002384185791 0.60000002384185791 0.69999998807907104 0.80000001192092896 0.89999997615814209 1.1000000238418579 1.2999999523162842 1.3999999761581421 1.5 1.7999999523162842 1.8999999761581421 2.0999999046325684 2.4000000953674316 2.4000000953674316 2.5 2.7999999523162842 2.9000000953674316 3 2.9000000953674316 2.7000000476837158
0.30000001192092896 0.30000001192092896 0.20000000298023224 0.20000000298023224 0.30000001192092896 0.40000000596046448 0.40000000596046448 0.5 0.5 0.5 0.5 0.5 0.60000002384185791 0.60000002384185791 0.69999998807907104 0.60000002384185791 0.60000002384185791 0.60000002384185791 0.60000002384185791 0.60000002384185791 0.5 0.40000000596046448 0.40000000596046448 0.5 0.5 0.5 0.60000002384185791 0.60000002384185791 0.60000002384185791 0.69999998807907104 0.80000001192092896 0.80000001192092896 0.89999997615814209 0.89999997615814209 1.1000000238418579 1.3999999761581421 1.5 1.6000000238418579 1.8999999761581421 2 2.2999999523162842 2.5 2.5999999046325684 2.7000000476837158 3 3 3.0999999046325684 3 2.9000000953674316
0.30000001192092896 0.20000000298023224 0.20000000298023224 0.20000000298023224 0.30000001192092896 0.40000000596046448 0.40000000596046448 0.40000000596046448 0.5 0.5 0.5 0.5 0.60000002384185791 0.60000002384185791 0.60000002384185791 0.60000002384185791 0.5 0.5 0.5 0.5 0.40000000596046448 0.40000000596046448 0.30000001192092896 0.40000000596046448 0.5 0.5 0.60000002384185791 0.60000002384185791 0.69999998807907104 0.89999997615814209 0.89999997615814209 1 1.1000000238418579 1.2000000476837158 1.2999999523162842 1.5 1.6000000238418579 1.8999999761581421 2.2999999523162842 2.4000000953674316 2.7000000476837158 2.9000000953674316 3 3 3.2999999523162842 3.2999999523162842 3.2999999523162842 3.0999999046325684 3
0.30000001192092896 0.20000000298023224 0.20000000298023224 0.20000000298023224 0.30000001192092896 0.30000001192092896 0.30000001192092896 0.40000000596046448 0.40000000596046448 0.40000000596046448 0.5 0.5 0.60000002384185791 0.60000002384185791 0.60000002384185791 0.60000002384185791 0.5 0.5 0.5 0.5 0.40000000596046448 0.40000000596046448 0.40000000596046448 0.40000000596046448 0.5 0.60000002384185791 0.69999998807907104 0.69999998807907104 0.80000001192092896 1 1.1000000238418579 1.2000000476837158 1.2999999523162842 1.3999999761581421 1.5 1.7000000476837158 1.7999999523162842 2.2000000476837158 2.7000000476837158 2.9000000953674316 3.0999999046325684 3.4000000953674316 3.4000000953674316 3.5 3.5 3.5999999046325684 3.4000000953674316 3 2.9000000953674316
0.30000001192092896 0.20000000298023224 0.20000000298023224 0.20000000298023224 0.30000001192092896 0.30000001192092896 0.30000001192092896 0.40000000596046448 0.40000000596046448 0.40000000596046448 0.5 0.5 0.60000002384185791 0.60000002384185791 0.60000002384185791 0.5 0.5 0.5 0.5 0.5 0.40000000596046448 0.40000000596046448 0.40000000596046448 0.40000000596046448 0.5 0.60000002384185791 0.80000001192092896 0.80000001192092896 1 1.1000000238418579 1.2000000476837158 1.3999999761581421 1.5 1.5 1.6000000238418579 1.8999999761581421 2 2.4000000953674316 3 3.0999999046325684 3.2999999523162842 3.5 3.5999999046325684 3.5999999046325684 3.5999999046325684 3.5999999046325684 3.4000000953674316 3 2.9000000953674316
0.30000001192092896 0.30000001192092896 0.30000001192092896 0.30000001192092896 0.30000001192092896 0.30000001192092896 0.30000001192092896 0.40000000596046448 0.40000000596046448 0.40000000596046448 0.5 0.5 0.5 0.5 0.5 0.5 0.40000000596046448 0.40000000596046448 0.40000000596046448 0.5 0.5 0.5 0.5 0.5 0.5 0.69999998807907104 0.89999997615814209 1 1.2999999523162842 1.3999999761581421 1.3999999761581421 1.6000000238418579 1.7000000476837158 1.8999999761581421 2.2999999523162842 2.5999999046325684 2.7999999523162842 3.2999999523162842 3.5 3.5999999046325684 3.7999999523162842 3.7999999523162842 3.7999999523162842 3.7000000476837158 3.5999999046325684 3.5 3.4000000953674316 3 2.7999999523162842
