DownloadStableBinariesAndSampleData/SampleWC/Data/Wi_Slope_ST.ASC
ncols         183
nrows         156
xllcorner     336778.1875
yllcorner     276369.9609375
cellsize      200
NODATA_value  -9999
[rows 0 to 24 of 156, columns 56 to 111 of 183]
-9999 -9999 -9999 -9999 -9999 -9999 -9999 -9999 -9999 -9999 -9999 -9999 -9999 -9999 -9999 -9999 -9999 -9999 -9999 -9999 -9999 -9999 -9999 -9999 -9999 -9999 -9999 -9999 -9999 -9999 -9999 -9999 -9999 -9999 -9999 -9999 -9999 -9999 -9999 -9999 -9999 -9999 -9999 -9999 -9999 -9999 -9999 -9999 -9999 -9999 -9999 -9999 -9999 -9999 -9999 -9999
0 0 1E-09 0 0 0 0 0 0 0 0 0 0 0 0 0 0 0 0 0 0 0 0 0 0 0 0 0 0 0 0 0 0 0 0 0 0 0 0 0 0 0 0 0 0 0 0 0 0 0 0 0 0 0 51.239216497 0.363287
2E-09 2E-09 1.414E-09 50.917481997 50.994521997 51.091699997 51.059707497 50.833275497 50.819684997 50.874622497 50.777058497 50.737250997 50.619627497 50.436771747 50.420903797 50.436012697 50.446164947 50.471592197 50.484696397 50.502249997 50.533189997 50.573356497 50.575058497 50.594997997 50.702410997 50.688483997 50.705454497 50.647524497 50.624949997 50.662594997 50.703421497 50.747963997 50.907076997 51.061396497 51.170225997 51.094053497 50.965560497 51.031302497 51.058174497 50.987973997 50.923591997 50.993904997 50.878713497 50.820308497 50.777943497 50.925049497 50.823943997 50.849023997 50.828060497 50.800068497 50.697671497 50.884118997 51.161497497 51.203604997 36.290663137807 0.4188365
50.907478496 50.868728496 50.754006496 35.872866267009 0.0752905 0.0373605 0.306779 0.293392 0.2638775 0.090262887725 0.241942 0.146370750152 0.2768396 0.04530435 0.01449225 0.013668197304 0.005051641555 0.0013669 0.04924805 0.037296276463 0.020775645759 0.023531 0.0444845 0.069165 0.033687981269 0.1217975 0.036863 0.024671 0.027803438636 0.026992387158 0.091931 0.027712575415 0.0656605 0.106168 0.1059785 0.107145769233 0.012246 0.067117 0.0924475 0.038127 0.026351041308 0.084393547888 0.1734205 0.009935910936 0.019029 0.080351 3E-09 0.148264 0.034349479663 0.0452135 0.013491950938 0.069577 0.169563 0.457717 0.13067616159 0.387649726029
0.0538105 0.032682 0.069188 0.1525135 0.172279849722 0.263319 0.186647905962 0.0406775 0.080088328251 0.190993 0.208815349999 0.1126765 0.1410475 0.05967355 0.0041334 0.002747251266 0.0040826 0.00163615 0.0198476 0.0272402 0.0721537 0.0408655 0.0753875 0.017711257102 0.0968675 0.0640935 0.0282175 0.019038850083 0.029634491646 0.0844325 0.041683591198 0.040933704456 0.012083747784 0.05869 0.056587634378 0.1128005 0.080645528394 0.071637341555 0.0818765 0.083627044137 0.123137 0.079268791491 0.052021 0.052227260412 0.0409805 0.1211965 0.072842958617 0.137076 0.029572 0.006075461464 0.0174925 0.251831 0.240219376365 0.09580978687 0.1929795 0.401326
0.1917165 0.112864 0.144590255277 0.179807708514 0.289915 0.13841120267 0.2164505 0.128791014912 0.1656305 0.1341494701 0.3671295 0.0159279338 0.107961770458 0.143157692294 0.11598105 0.0029741 0.003933670379 0.001232663896 0.0138556 0.010968 0.0472101 0.03980063655 0.019095560047 0.0460345 0.050795 0.02423 0.01417925873 0.017622161647 0.091471 0.020232092777 0.02135 0.0563465 0.043116189536 0.0328675 0.042300188311 0.026686 0.139344 0.093234 0.070097 0.0745665 0.017330126547 0.0462545 0.027792 0.1476 0.0390065 0.095389 0.072881142384 0.0306995 0.0124005 0.012399824515 0.0526165 0.087098 0.1651705 0.127862228033 0.129848 0.288377944358
0.182733 0.184308 0.214921924161 0.248675312808 0.005807821547 0.122976122297 0.096824 0.0937945 0.001252286109 0.1638115 0.203841207347 0.1463355 0.2416055 0.2661875 0.07960095 0.0236247 0.004582688338 0.0038469 0.01067775 0.007729737779 0.00946075 0.0241269 0.0639612 0.043003 0.025912 0.0164435 0.017232545811 0.0496335 9.2277435E-05 0.0673865 0.0288095 0.018779695448 0.0434025 0.014782420814 0.0609395 0.044989668953 0.0640855 0.033187700393 0.024546996 0.037904497 0.046735159921 0.079764 0.017524227358 0.07702 0.022099997 0.091982 0.1137335 0.0113315 0.005141726959 0.068826 0.149121 0.068305100849 2.121E-09 0.283259497 0.164812802112 0.202222639924
0.1730515 0.202929 0.079688105813 0.349658 0.143129726221 0.231323 0.049791 0.033953146312 0.1515565 0.26479 0.236095529617 0.1849055 0.261167061204 0.196277 0.173273 0.038643208815 0.04663125 0.00200335 0.004275273665 0.0052001 0.002353958475 0.01269545 0.0320229 0.028809616231 0.0219205 0.017137439949 0.0913975 0.0652085 0.036185835974 0.055222 0.015513922779 0.0851575 0.019215980332 0.035801 0.019877832279 0.041571 0.002453 0.066893496 1E-09 2.121E-09 0.0402645 0.026681967281 0.042916 0.044243997 3E-09 0.108515997 0.017903494 0.000425493 0.002639 0.2190275 0.153945631546 0.1536325 0.205438497 0.0900747952 0.1785485 0.2762235
0.2186585 0.115052497 0.2077745 0.3832765 0.367133 0.071393036162 0.044771172958 0.3447875 0.2357005 0.054089072567 0.1487045 0.167755 0.3773045 0.065526 0.016796497 2.121E-09 0.05687895 0.0123437 0.005831969244 0.000728673538 0.01197105 0.007523863639 0.00682055 0.01505845 0.013826553867 0.013345 0.036493 0.019344320213 0.089598 0.019490691317 0.071853 0.0139519239 0.016292447345 0.0241925 0.0484695 0.0830125 0.053857997 0.107617055903 0.049445 0.04817907409 0.013607562897 0.1216085 0.13032685084 0.1182175 0.002983279974 0.057833495 7.07E-10 1E-09 0.154251493 0.211931569583 0.3867115 0.469592 0.211814 0.269812 0.064663854479 0.120971
0.080946045241 2.121E-09 0.003324997 0.0139205 0.016905 0.0348645 0.195959 0.19092 0.076548198151 0.242846 0.119781060306 0.009592610594 0.307703526241 0.1789535 0.1664195 0.000413497 0.067094145131 0.10708895 0.2195175 0.07744135 0.007252688189 0.0037125 0.00542075 0.001582010002 0.0170399 0.005763556663 0.007956259436 0.015304 0.022436 0.062273 0.01648371973 0.013792824874 0.0665675 0.026559497 0.028077440393 0.0224275 2.121E-09 0.0452805 0.0147855 0.025122443275 0.0466155 0.112952 0.1467885 0.018882576656 0.009329996 7.07E-10 1E-09 0.054818994 0.213064 0.386071 0.4603895 0.5241875 0.5103635 0.5042055 0.3413905 0.0272045
0.043210995 0.112885 0.018049 0.170856 0.1254655 0.112616 2.121E-09 0.001430997 0.1371945 0.052265797731 0.0746775 0.219676863711 0.267991 0.073792249471 0.098583997 3E-09 0.127933997 0.064760021002 0.096949643002 0.2712153 0.0227657 0.002517582984 0.0047026 0.00317295 0.01143015 0.00429055 0.006531472506 0.0216095 0.012444725795 0.0172245 0.015846970073 0.047323 0.037316499717 2.121E-09 0.032007497 0.0050625 0.070466019172 0.0666515 0.013996471627 0.1688745 0.1197325 0.1492655 0.0330625432 0.060758997 1E-09 5.496E-06 0.066458994 0.066832900288 0.277315 0.22870697086 0.164509453303 0.3880795 0.221291496 0.023972495 0.012659494 0.013131675791
0.2348085 0.040812435643 0.0900485 0.024773132525 0.234995 0.263266997 0.365383497 0.2682755 0.023644943656 0.297228 0.030881120901 0.3736295 0.009057 0.0718855 0.058645996 1E-09 0.031327996 0.1074475 0.112448716538 0.179411233742 0.23549935 0.00658775 0.007635621866 0.002836841695 0.01188315 2.121E-09 0.005810447 0.01521195 0.017635243123 0.017653 0.0261375 0.01727002247 0.03793 0.034923 0.068921 0.086172 0.060973 0.019310025534 0.055319 0.1741355 0.058355401331 0.1092445 0.098380997 3E-09 2.121E-09 0.058450497 0.101209607805 0.1211695 0.245946941292 0.117662568389 0.071328 0.006744997 7.07E-10 1E-09 1E-09 0.015399994
0.2278865 0.0742515 0.2180225 0.297223 0.05927711502 3E-09 0.251883997 0.37543304217 0.162292 0.056747794064 0.1921445 0.268697041317 0.2697335 0.090359407801 0.104198191787 0.078167996 0.023554077606 0.0200095 0.053969 0.1360065 0.235135 0.03497485 0.003117527732 0.00253875 0.0107199 0.007602897 0.004000136295 0.00338885 0.01746 0.012658625597 0.007642410091 0.024718497 0.050243 0.050643 0.036021 0.0238015 0.01002394573 0.064766 0.149949 0.103029347106 0.2573895 0.054627887934 0.0833975 0.019427758813 0.0023575 0.165575 0.2836125 0.465578 0.262140393688 0.187744 0.02426 2.121E-09 1E-09 1E-09 0.037131995 0.330809
0.119300227695 0.0372455 0.4060845 0.339568939782 0.322739 2.121E-09 0.249996497 0.077156309983 0.085871047507 0.085861 0.091101869921 2.121E-09 0.211186279036 0.146958 0.098367392098 0.0830455 0.0196785 0.085091 0.0718713939 0.073587895611 0.188529163553 0.397353 0.297108 0.11233285 0.08610845 0.1523415 0.00018935 0.001631 0.005461 0.0076765 0.0073045 3E-09 0.003239497 0.0095 0.0111475 0.005003487584 0.0247005 0.03690602423 0.056633596319 0.111355529455 0.2529845 0.202257 0.032241947902 0.031441 0.2368305 0.177697701879 0.4040205 0.4215225 0.147802287831 0.077344 0.021858438373 0.009759 0.299128996 0.108343495 0.2908425 0.408155822683
0.018404928854 0.161217 0.130289020628 0.219408 0.295332 0.043688497 0.1860205 0.036112296869 0.090107 0.136785996 7.07E-10 0.111936997 0.171095 0.1387025 0.025193507507 0.0836005 0.0214845 0.1534535 0.015196078281 0.1130885 0.119194868784 0.117166886536 0.349242160548 0.466887 0.350345 0.610274 0.0933425 0.000365927759 0.018165 0.004194203873 0.009477 0.000940497 0.0118905 0.005554323766 0.00832 0.006184002355 0.004967425138 0.026174 0.177103 0.134142 0.0342215 0.0044805 0.042758 0.14448 0.259966747443 0.3208425 0.261242 0.5235485 0.1226615 0.029203863616 0.1712105 0.071977 0.643807 0.180159 0.10926850379 0.441462
0.1709615 0.097810545508 0.2852995 0.1604985 0.065253581535 0.1257795 0.150398076824 0.2131955 0.119377 0.207021995 1E-09 0.133341954155 0.182813619441 0.1111275 0.0630395 0.068072816271 0.1462185 0.152161247583 0.0926665 0.155261203712 0.109191075597 0.178634971918 0.087948880784 0.194586 0.0159515 0.307728982085 0.500226 0.1486505 0.065992 0.008176 0.006207336879 0.00307 0.001764231419 0.007612 0.0045715 0.003959 0.0030645 0.004855 0.081724 0.1553345 0.007581598908 0.000794788022 0.030076 0.120923 0.1894545 0.145499497 0.025119259174 0.0287195 0.008112 0.2105665 0.058635415616 0.4614035 0.516837427845 0.435429497 3E-09 0.141256497
0.05236 0.2269275 0.232303315949 0.3178195 0.086464 0.188392 0.326657 0.208346 0.0492485 0.067737997675 0.12832785997 0.182667601891 0.09875 0.014299111208 0.029441997 0.148374 0.034904558486 0.0041135 0.065026 0.049404136588 0.0141595 0.1272475 0.302444 0.0558405 0.03929074185 0.2789465 0.449319690396 0.409892 0.132046180979 0.1231275 0.0038265 0.002261327486 0.0051535 0.009788125619 0.007287088934 0.002584828839 0.001623 0.0065435 0.003275 0.0099945 0.00854 0.0340435 0.088519 0.2340725 0.0275015 2.121E-09 0.063458497 0.11427 0.117105 0.497076 0.4109505 0.299723472662 0.4344205 0.3539865 0.135179997 0.642072
0.089857008433 0.041831730068 0.1983935 0.3063435 0.239672 0.062847297158 0.324794 0.069362497 2.121E-09 0.097914136651 0.233698 0.114064 0.000354614051 0.1125045 2.121E-09 0.071725497 0.0886365 0.0318605 0.145127 0.053992552491 0.176329 0.179289 0.152323 0.028335536489 0.195742 0.186238844689 0.077531076577 0.364575417545 0.1858445 0.240264 0.058985 0.013409 0.005978587835 0.00828 0.007764 0.0051045 0.005725 0.004946919041 0.0023065 0.0134145 0.032391 0.1043255 0.0384185 0.004683521765 0.0008405 3E-09 0.036243497 0.0908855 0.287535 0.5672905 0.433633940669 0.454435 0.503374468284 0.638068410605 0.436802 0.453083973346
0.099210997 0.010385628727 0.0316715 0.094232 3E-09 0.020776497 0.038076 0.17174 0.131474497 0.242622832314 0.104812 0.103018740504 0.067982660157 0.0309975 0.049256351271 0.059912448342 0.0172395 0.010361 0.11875434126 0.2269765 0.2413735 0.056648445561 0.013023139143 0.06041 0.032472464712 0.2213125 0.251588497 0.1548355 0.187905 0.101040609284 0.2637315 0.1104915 0.007386 0.009552305507 0.020507 0.0246945 0.0157705 0.0111545 0.00040870772 0.0051055 0.0043955 0.0149545 0.007012 0.0176945 0.029543 0.039974997 0.025119259174 0.0262735 0.0666075 0.1394255 0.466266 0.165274896394 0.310863 0.354523 0.6143815 0.203767314688
2.121E-09 0.127714997 0.277321 0.211538771767 0.221845997 0.0801975 0.222831 0.080395919701 0.261908109111 0.240826 0.0407815 0.008996166024 0.100846 0.012379997 0.08628 0.055392 0.054505558461 0.160427 0.164027997 0.024498772973 0.005887017507 0.0282295 0.128449 0.100095207518 0.2160245 0.155652587315 3E-09 0.101033538216 0.4539285 0.182294 0.061006698207 0.313088 0.0549015 0.004341635636 0.073696 0.036895 0.0410155 0.023413719739 0.027268 0.010762872316 0.0148185 0.011402096847 0.016849 0.019204666624 0.0597515 0.1286605 0.216205 0.02834402177 0.01016996328 0.037946 0.057984 0.408183 0.522228409944 0.453464750348 0.449827746619 0.431108
0.095859 0.1609065 0.281048429017 0.213899447756 0.193877365693 0.2046805 0.148936840661 0.1690885 0.284652 0.0172470415 0.11721108071 0.127263310711 0.100417 2.121E-09 0.087152997 0.194038 0.085072497 0.018399269879 2.121E-09 0.019744497 0.0588225 0.1606765 0.104956213085 0.0728815 0.1550195 0.3144205 0.234894497 0.091867 0.188353093965 0.302457854585 0.319516 0.022579333737 0.0737005 0.0029965 0.1676425 0.049583 0.029234269208 0.0434645 0.043614 0.032823 0.026443 0.0385105 0.037116742051 0.124919 0.209871 0.2485695 0.277897914754 0.4318545 0.173026 0.010154760485 0.0381845 0.1685525 0.416639 0.434213414677 0.4095315 0.401611
0.064063996 0.003005 0.1682795 0.192484 0.3547065 0.187689120697 0.334739 0.246961639523 0.223761819586 0.1181995 0.116551703636 0.062900328046 0.033538997 0.0758275 0.036697 0.016687012929 2.121E-09 0.023503997 0.03828 0.1085505 0.018610343374 0.1200235 0.128060573607 0.188268948258 0.280533301727 0.31848018714 0.181805992278 0.204101069089 0.276409 0.144938 0.267083777196 0.1267 0.0888755 0.005133 0.1145105 0.028657270075 0.0322245 0.061643 0.060118 0.0322835 0.0386225 0.066257 0.155161 0.342663 0.425799 0.423067 0.030262756021 0.182268440113 0.339338422971 0.1884135 0.1474485 2.121E-09 0.133409997 0.3760365 0.3846715 0.4006075
0.168951997 0.08987 0.232758339163 0.3865715 0.316942583444 0.233373 0.0713755 0.1880265 0.2068955 0.1179785 0.140022 0.027207 2.121E-09 0.010034997 0.0137645 0.022363 0.1352165 0.03847332429 0.152086 0.123448116073 0.219617 0.045098209844 0.0806095 0.1524875 0.3462505 0.265719414661 0.168489757375 0.2824045 0.027298210841 0.1913915 0.33327781075 0.3169925 0.1036985 0.0198895 0.049629 0.164637 0.1162745 0.085078 0.089106414585 0.2024635 0.2702565 0.3183755 0.3293295 0.262075996 0.2183695 0.278142927253 0.3719955 0.37795 0.357114380343 0.2698755 0.170856795203 0.223669997 0.013712919686 0.034021 0.1469895 0.174227997
0.1763485 0.085117978785 0.213964148026 0.1513345 0.3040715 0.085018 0.018461497397 0.256037 0.179478550308 0.2773435 0.1375555 0.0071215 0.0571045 0.076809 0.109798 0.177816 0.105076774791 0.1392345 0.121810103214 2.121E-09 0.103638873152 0.2504285 0.085551081689 2.121E-09 0.042032497 0.1454515 0.233341 0.163832 0.186207024884 0.187787 0.256357 0.2322255 0.0711365 0.0059405 0.019985 0.033545 0.046168 0.0595335 0.2157675 0.282177497 0.175486 0.052518941959 3E-09 1E-09 0.064654496 0.2388825 0.140212557195 0.231671 0.375575 0.308133497 2.121E-09 0.235095 0.084508 0.1168525 0.037766926737 3E-09
0.043222255553 0.220658 0.3223095 0.065261997 0.1216895 0.057544349853 0.3891085 0.213086274957 0.219105 0.1566275 0.155826 0.007497 0.1590175 0.065883997 0.067087996 7.07E-10 0.073284995 0.0461615 0.1129335 0.120867497 0.1954005 0.1788415 0.315031 0.142110497 0.1358065 0.347968997 0.0749855 0.1677775 0.2620025 0.0082645 0.3401715 0.140053811722 0.279395997 3E-09 0.166984997 0.180124 0.158771 0.097952 0.073470162332 2.121E-09 0.006462497 0.1766485 0.022743997 0.319065996 0.345449 0.003609426565 0.388336 0.063643499394 0.442472 0.1962733949 0.105009997 0.124834398918 0.1052705 0.144797084011 0.1903595 0.203728497
