DownloadStableBinariesAndSampleData/SampleWC/Data/Wi_Slope_ST.ASC
ncols         183
nrows         156
xllcorner     336778.1875
yllcorner     276369.9609375
cellsize      200
NODATA_value  -9999
[rows 75 to 99 of 156, columns 56 to 111 of 183]
2.121E-09 0.191294997 0.310318 0.170179035475 0.0127305 0.2099535 0.1684115 0.237122602217 0.4260635 0.231196340284 0.3397415 0.093483497 0.216360530786 0.1781245 0.0506955 0.4326675 0.3012045 0.082374758028 0.199985 0.1905345 0.1389195 0.013659 0.050446 0.084059 0.044695158979 0.049738244542 0.096822997 0.0914875 0.184022 0.1300635 0.130078 0.1339625 0.081390111835 0.2896215 0.238254 0.038452820314 0.3252645 0.212664839316 0.174802453164 0.4519045 0.7514505 0.510937328862 0.5536975 0.568768764069 0.499649 0.200422699613 0.154192765366 0.2301655 0.167279 0.0838205 0.0265945 0.385325 0.3318405 0.03953681501 0.1697575 0.189302031265
0.096246425308 0.385849 0.325128051543 0.3588515 0.2640265 0.1225935 2.121E-09 0.215794497 0.1977595 0.270096 0.038835 2.121E-09 0.328156497 0.137503631116 0.276094 0.150707082488 0.34757 0.019331 0.223451 0.174328 0.1029305 0.0056195 0.0430315 0.0280105 0.0678485 0.140344496 0.156766495 0.099509366014 2.121E-09 1E-09 0.021105496 0.0599685 0.096187 0.00405525739 0.1908195 0.392007 0.09432486263 0.1492345 0.1758365 0.390821 0.1969705 0.225545 0.440552 0.3796675 0.391678 0.2266555 0.1144045 0.128742578097 0.139226850342 0.151070535373 0.1304075 0.359815 0.170375257607 0.232781 2.121E-09 1E-09
0.4198095 0.220834043959 0.37518802967 0.3400615 0.136180987882 0.0282815 0.187665 0.3201875 0.011131274949 0.102057075282 0.1115035 0.1530655 0.4067365 0.301675794485 0.197038486558 0.215264 0.196810798175 0.142502 0.225957 0.1423085 0.117323497 3E-09 0.118593997 0.06526772367 2.121E-09 1E-09 1E-09 0.075591495 0.0833855 0.147055996 0.1676465 0.068191963764 0.042231952506 0.086298 0.16924317965 0.395256 0.385723 0.139625305013 0.1515345 0.4048305 0.381207 0.6114205 0.6901005 0.7839135 0.398087682779 0.2854995 0.135832030685 0.230015 0.059551497 2.121E-09 0.127397 0.4847855 0.3618485 0.237177047317 0.218349997 0.205635496
0.148736375889 0.2996 0.2807905 0.05676511818 0.261377 0.226757 0.340922695714 0.323589033634 0.2361925 0.147886 0.021245376794 0.0233425 0.088935 0.1772655 0.2505175 0.251407219857 0.08602979298 0.124655 0.121996072298 0.3116735 0.12178 0.004136497 0.1049945 0.079165198227 0.127944997 0.160434496 0.102688495 0.117516547304 0.052632079044 0.118832497 0.067385859912 0.203682 0.2438965 0.420343 0.123917988529 0.02253478601 0.4011285 0.258833 0.083166717623 0.334937 0.348397875052 0.35948 0.2992725 0.3749085 0.417723 0.130855766713 0.220434528627 0.1641255 0.062370996 1E-09 0.409995996 0.454821688261 0.137801676624 0.258689712596 0.3748695 0.495196
0.125627 0.254732 0.052145236025 0.302652 0.3643645 0.3738885 0.334132494 0.166723993 0.017009802225 0.0383395 0.1011015 0.0565875 0.077179644506 2.121E-09 0.029697497 0.214983 0.155448940562 0.198090661449 0.269198026471 0.180817 0.1682155 0.0165135 0.1522725 0.139523 0.063126250784 0.010022177963 0.0555235 0.064745876745 0.00860584308 3E-09 0.040071034183 0.1510185 0.331033497 0.082474104409 0.0858465 0.1567065 0.3081535 0.156698398245 0.202646497 0.139196796182 0.2307855 0.230997289725 0.2213175 0.2436235 0.199560736447 0.212465788757 0.2044535 0.0498445 0.040366955543 0.041097496 0.425415 0.3345265 0.4198925 0.1807065 0.247404 0.291241
0.06753 0.04614472788 0.3167265 0.325426497 0.199719996 0.092012995 7.07E-10 1E-09 0.181736493 0.2742775 0.164237570746 0.050528 0.1513075 0.173277497 0.009146424093 0.2572035 0.287028497 0.169607 0.114021 0.0687135 0.0267835 0.002286 0.0349295 0.00642 0.0773835 0.083410669462 2.121E-09 0.078899997 0.123006 0.069368587327 0.202952997 0.027883693135 3E-09 0.184095997 0.065924272317 0.4020735 0.079382 0.2268705 2.121E-09 0.090097497 0.0344235 0.2320645 0.1698565 0.126335586614 0.19702 0.1687765 0.062691380113 0.092911997 2.121E-09 0.092502 0.383741 0.43053 0.289289051445 0.2728345 0.002597556761 0.2134765979
0.019602 0.1355545 0.091788824159 3E-09 1E-09 1E-09 1E-09 0.371339994 0.3069605 0.2222455 0.178568 0.1954595 0.146346354968 0.153174 0.2427 0.301397997 3E-09 0.0566735 0.077646334982 0.150004218347 0.154377 0.011358 2.121E-09 0.001061997 0.039739 0.0843395 0.1874155 0.144361 0.253522 0.092476839057 2.121E-09 0.179207997 0.203931997 0.199013433677 0.214361 0.252411 0.025878340424 0.202648 0.2901295 0.279784 0.126244723393 0.139341 0.115711 0.129247805892 0.139381353174 0.3972565 0.036194674809 0.179649996 1E-09 0.183226996 0.193371784344 0.443206 0.289295 0.170745428007 0.2226425 0.287831
0.003033497 0.0241755 0.213873 0.07450854864 0.170075996 0.373474995 0.211483494 0.061944317556 0.0039115 0.0777325 0.055482 0.205909 0.191652 0.081359 0.067494756478 0.229129818594 0.104056497 0.3187125 0.180988 0.179066 0.186244501543 0.1614585 0.006062497 7.07E-10 0.005153496 0.019064 0.005750899451 0.008242497 0.0331825 0.082003 0.1935135 0.222066 0.208350073737 0.196316884088 0.0969805 0.029820814283 0.326688 0.35264794036 0.208962 0.045395901799 0.154442 0.020244820699 0.027959 0.058737238993 0.262505 0.255195190884 0.2974365 0.302169495 1E-09 0.247819995 0.194152 0.3114625 0.1933745 0.2762485 0.375672 0.292263
0.003097496 0.0106215 0.08478 0.1335395 0.2391985 0.2833605 0.317795354222 0.326812 0.1295505 0.045170334736 0.215684 0.123810154745 0.0753755 0.070275807448 0.115216 0.238699 0.359649 0.222522261399 0.3215975 0.252188219297 0.265237 0.107008944071 0.1153785 0.013830496 0.004442041971 0.0121535 0.0071125 3E-09 0.004056997 0.017378 0.0652875 0.051247563966 0.1463305 0.3045355 0.022658176143 0.244169 0.192951055809 0.4308335 0.052398 0.338525 0.158036 0.084645997 0.043254996 0.148972995 0.053952243869 0.290994 0.147297 0.220222746611 0.142277995 0.166576322889 0.3550035 0.332553026299 0.325882534478 0.393670386717 0.5110585 0.4135565
0.005702106255 0.011607511367 0.007594680383 0.0033615 0.018786 0.0875755 0.3881915 0.3350165 0.365964 0.307156932699 0.250501769623 0.135429 0.022656761929 0.199453 0.176613707184 0.3747415 0.3256565 0.215150319651 0.2318055 0.193642 0.199003536303 0.3524835 0.11010996086 0.151366 0.0617605 0.0479235 0.010041269846 0.018364497 0.0137645 0.013982329491 0.003026770577 0.1024525 0.2837315 0.01434719659 0.120717 0.2548125 0.104814438175 0.237564 0.082497 0.122779900165 0.048999317956 3E-09 1E-09 1E-09 0.292399495 0.217976979009 0.026742424911 0.106897574753 0.167698 0.067208731785 0.3015595 0.2715685 0.5513525 0.4536255 0.41365393146 0.42493
0.0157085 0.012361640749 0.010307849103 0.0117045 0.013101981549 0.0027485 0.005171 0.009633 0.0647455 0.3798555 0.147251098095 0.052608997 0.104942775935 0.186671 0.2158815 0.378366 0.118218000766 0.2904495 0.295281781416 0.230277808575 0.3672905 0.136937238584 0.2100015 0.2062645 0.0523225 0.1175965 0.0615295 0.0680875 0.089446 0.017549 0.001059953065 0.020487 0.0341245 0.0351975 0.0514575 0.1377495 0.3165195 0.170947 0.008277391981 0.114529 0.1406685 0.023856997 0.116697996 0.114249995 0.18214469289 0.238490146731 0.148216 0.086840844458 0.194076997 3E-09 0.355305997 0.234317 0.437676 0.5198125 0.4409245 0.267674
0.091349 0.0445325 0.037449 0.0341355 0.011011066797 0.003989142906 0.006825348205 0.009841512181 0.00846194685 0.075495 0.234803 2.121E-09 0.188867497 0.09724662785 0.313872 0.285003630798 0.2177085 0.065087057888 0.1555185 0.334031 0.233086790263 0.2098815 0.200800648187 0.205330997 3E-09 0.063399997 0.093303 0.030985419152 0.046221 0.01767766953 0.013632 0.011383004964 0.0592045 0.2146395 0.240476 0.219821820601 0.345515 0.023635397715 0.1134325 0.423071 0.302167587251 0.334062 0.110099000704 0.13435 0.080317430848 0.233563 0.029342456546 0.210509 0.336768996 1E-09 0.355525996 0.234971229835 0.346056 0.5844425 0.483088635392 0.5319161264
0.3626875 0.1558135 0.012054 0.0751155 0.0437725 0.043944 0.011243704928 0.011246533355 0.005983891136 0.0102335 0.073665 0.157221 0.157605262692 0.192570632361 0.3692875 0.1416525 0.006674734461 0.242509 0.276023374677 0.242319129952 0.214287 0.113999 0.146249 0.068006699666 0.095842997 0.070218883231 0.041206647674 0.045314584519 0.0607785 0.010171377494 0.013988 0.008902 0.1690625 0.046847592021 0.1867695 0.1685715 0.0248045 0.06001 0.2966855 0.071380661794 0.3259835 0.24961505772 0.3305955 0.243820666959 0.165505994 0.033784850656 0.1928085 0.117487913014 0.189214 0.091112996 0.17652036626 0.4509925 0.508601 0.40768100048 0.447514800338 0.7287395
0.1229225 0.186572 0.034128 0.1345685 0.1159205 0.1475805 0.0114815 0.008616096129 0.0120755 0.014483668199 0.009003944198 0.027218 0.079161 0.113242090347 0.2051025 0.0468205 0.147896 0.321547 0.190022926629 0.303856 0.108650492463 0.1995125 0.092297587488 0.0531955 0.149353 0.158288 0.047889 0.051923 0.016571047417 0.0183525 0.030723497 3E-09 0.049037997 0.058098 0.1976045 0.117604 0.023976223183 0.312041 0.033297304773 0.21367 0.206002479223 0.2261425 0.18922389243 0.144091995 7.07E-10 0.255805994 0.204535232652 0.005396992507 0.3713845 0.2573355 0.149537527872 0.5275785 0.259901340066 0.257334 0.6969085 0.5792035
0.022627416998 0.087938 0.015626 0.1922485 0.012753 0.204031772624 0.272132 0.0045885 0.01196 0.013276636924 0.1126155 0.022144463066 0.001848377126 0.0572835 0.0964205 0.033163308038 0.191777 0.030664392673 0.2071295 0.078754017755 0.229225 0.193477497 2.121E-09 0.0610445 0.035474132999 0.071031704597 0.0918425 0.0777295 0.003815194638 0.0254075 0.110023 0.003095997 0.0292005 0.0748085 0.0812225 0.004468561304 0.1413455 0.31608 0.048934617685 0.0382055 0.1827835 0.210006997 0.188815496 7.07E-10 0.276764495 0.222455789119 0.146651822976 0.236208 0.164932656712 0.216729 0.088699 0.039274831947 0.3721745 0.509811261313 0.635179 0.698829035653
0.2846165 0.053718548613 0.074388 0.054830474027 0.0923565 0.114969552213 0.200028 0.014495 0.010592459582 0.0152425 0.1640475 0.1932555 0.1948985 2.121E-09 0.024886997 0.0566595 0.1329935 0.194180007395 0.024084410521 0.209806 0.1816775 0.076458 0.008419497 0.047722 0.0292282588 0.101266 0.244323 0.030722728982 0.022539 0.042815315601 0.110095 0.035018 0.01360579513 0.0026625 0.024078 0.041278065459 0.0864785 0.032381955044 0.2181635 0.44261 0.113207795668 3E-09 1E-09 0.130403496 0.086088125754 3E-09 0.155657497 0.2300125 0.571416 0.357487732724 0.3055915 0.169562791915 0.1783535 0.4916475 0.409440635705 0.55117983644
0.2676055 0.1057495 0.168778 0.136595 0.130163155621 0.149084 0.0716035 0.009039 0.0037455 0.0198975 0.094922 0.1843545 0.222596151936 0.249828997 0.089634 0.031907132841 0.015683 0.094421 0.101665691679 0.338404 0.145971234821 0.107113949428 0.195152 0.119395 0.068025 0.070343336146 0.3158355 0.016219615347 0.0100905 0.1166535 0.106004145335 0.0441775 0.0251275 0.0026329121 0.0058295 0.020879 0.0275807 0.116496 0.2075765 0.014591855537 0.1847145 0.227351997 0.217518996 0.1418745 0.151173772963 0.2709775 0.273187876484 0.271655929643 0.265020793162 0.246823046594 0.302674 0.2750835 0.105716352875 0.2625875 0.426653028972 0.523288009456
0.173926997 3E-09 0.024387497 0.301246 0.212804 0.074655980404 0.2061935 0.102877 0.021298 0.014833332502 0.064825 0.06713 0.154638 0.194695488239 0.35177 0.238387 0.00119182848 0.0052355 0.1145455 0.056729497 0.2423805 0.109771610265 0.12785 0.005262995772 0.059035 0.138090176191 0.144255 0.010610137252 0.0290595 0.1172745 0.171708507442 0.1862645 0.1897425 0.1669165 0.1379245 0.001716148158 0.0191275 0.018538 0.0088135 0.233434 0.31378994786 0.1422065 0.105967497 0.032232046286 0.108894 0.010722 0.284596 0.271300254932 0.357118976537 0.326039512184 0.489161621982 0.417882783565 0.411883 0.067697696124 0.330808 0.5074
0.100002220855 0.313429997 0.008092481436 0.3902585 0.136139268582 0.2983595 0.279824073626 0.2103705 0.0294445 0.022122 0.236834 0.095738369085 2.121E-09 0.108323997 0.122244 0.263471522204 0.2138235 0.086602 0.046345546206 3E-09 0.106780497 0.1536295 0.049308997 0.1266055 0.033412563178 0.2359235 0.083621 0.0022375 0.032704 0.122663 0.054690466884 0.084304497 2.121E-09 0.2611045 0.040459235806 0.0690885 0.2928105 0.081492 0.002133341159 0.0590445 0.114228 0.026983901877 3E-09 0.232951997 0.109296434508 0.093693 0.03925114387 0.143943 0.189317 0.295445476636 0.421636813466 0.5952145 0.331740207054 0.420661 0.0594595 0.099229001711
0.3190025 0.4824355 0.0754255 0.3420265 0.1057315 0.3493355 0.192531387935 0.1594615 0.005284208976 0.0029685 0.2708285 0.266466 0.131043997 0.083492691727 2.121E-09 0.162942497 0.270953065502 0.209884 0.0974895 0.076619997 0.041570098438 0.015942 2.121E-09 0.029860497 0.064801 0.1450565 0.068167 0.0225665 0.016520489282 0.190213 0.077590119993 0.308772 0.032249997 0.073483243808 0.206667 2.121E-09 0.419371997 0.302147 0.27719 0.000442648845 0.043516 0.2455495 0.263345497 0.31056907435 0.156922551094 0.140849660405 0.213866 0.115316 0.09677640184 0.227272 0.3563525 0.487733973391 0.492982 0.540551 0.011852497 0.2482245
0.472027 0.287689 0.0574825 0.3360255 0.3407025 0.239977 0.2813435 0.037484437577 0.0249595 0.107117 0.024717978197 0.0554145 0.333571 0.22368933902 0.212742497 0.044394636475 3E-09 0.179749997 0.1799825 0.039683539667 0.121397 0.002954292132 0.03824 0.018495436401 0.092172 0.083088 0.0669605 0.0238435 0.001246629255 0.2314195 0.230758287633 0.270495920968 0.3844565 0.126087 0.219015716749 0.098383497 0.23437336893 0.157505560636 0.341129878001 0.381042 0.024943191706 0.1499975 0.038873 0.057832497 0.193410996 0.202360169365 0.348993 0.038715510484 0.181076 0.156477427376 0.151771631747 0.438691 0.408384218173 0.388728 2.121E-09 0.003406497
0.314242849753 0.266078624906 0.2417495 0.375948876567 0.465315506447 0.294738016301 0.265593497 2.121E-09 0.0751405 0.198693 0.166433 0.053024169754 2.121E-09 0.128526497 0.354594997 0.2907365 0.195849486506 0.1226465 0.030352205029 0.097519 0.247941335969 0.1227735 0.0960925 0.054958 0.044753141735 0.055809816919 0.085123282086 0.0685395 0.0231055 0.0908605 0.398854 0.242221549216 0.142706522812 0.28594 0.130948044148 0.1503065 0.037508479208 0.1955495 0.298294 0.269099 0.0075905 0.112724 0.011292141742 3E-09 1E-09 0.231178496 0.068520414864 0.0878725 0.083160000108 0.191539 0.226386 0.160698147753 0.3643395 0.0602285 0.130173055116 0.3196905
0.4625935 0.092145205977 0.359588546971 0.4250615 0.295542703818 0.2151635 0.016049200491 0.091953497 0.405974 0.302790194772 0.237904 0.138901 0.120637497 0.024530592778 3E-09 0.044687997 0.3216845 0.328992034427 0.3048105 0.2126695 0.094800997 3E-09 0.024311997 3E-09 0.059877497 0.1207405 0.0482825 0.053885 0.007659 0.0275635 0.1438205 0.304719 0.3036675 0.291560985533 0.235688 0.082348241523 0.24841 0.229079616134 0.269807552517 0.302425327673 0.2236105 0.070034684036 0.2333805 0.331381997 0.445440496 0.059095385749 0.266463 0.1470796247 0.1869305 0.045253773336 0.145787 0.1786475 0.0684825 0.050831078072 0.57348 0.579157
0.453441 0.45916 0.3413765 0.092004491727 0.1996585 0.0569255 0.0186685 0.3562505 0.271638605527 0.2603175 0.3480145 0.094111 0.182659470163 0.1964335 0.171216997 0.09174215299 2.121E-09 0.371935497 0.194060859903 0.28849284921 0.213601753679 0.249906997 0.141985 0.050496497 0.04225210505 0.1101645 0.049727 0.032349074579 0.0198245 0.2719035 0.137914460156 2.121E-09 0.091555997 0.2108185 0.324682997 3E-09 0.100162497 0.266701 0.185062572559 0.252532 0.244475997 3E-09 0.233752497 2.121E-09 0.2179115 0.0124355 0.258613345064 0.2688295 0.070004985551 0.1289515 0.025378769484 0.072095 0.0323075 0.1077115 0.2990555 0.541608
0.184864936213 0.3384935 0.508755 0.326723 0.0807785 0.011147184852 0.0571565 0.373876 0.1990495 0.213073900589 0.279879935061 0.319162 0.269328 0.0914875 0.2333915 0.135918 0.014836497 0.007505229254 0.1313995 0.306335 0.430715710983 0.3741105 0.304798 0.2213415 0.143743 0.0528955 0.033359 0.012643422801 0.173949 0.147033309206 0.2828985 0.197662497 0.144566565079 0.244124727117 0.1636685 0.055960497 0.1819555 0.3008335 0.270543 0.042073557052 0.046566996 1E-09 0.322316496 0.141211699077 0.131717376326 0.1101895 0.215907 0.033102143301 0.167618 0.14014113941 0.262848 0.018319722487 0.016514 0.152838 0.265469 0.165966
