DownloadStableBinariesAndSampleData/SampleWC/Data/Wi_Slope_ST.ASC
ncols         183
nrows         156
xllcorner     336778.1875
yllcorner     276369.9609375
cellsize      200
NODATA_value  -9999
[rows 25 to 49 of 156, columns 0 to 55 of 183]
0.075108528744 0.0673555 0.29405 0.2227885 0.284019338159 0.251263 0.064477529721 0.092809532798 0.102555 0.016790994 1E-09 7.07E-10 0.030693996 0.181768997 0.1833886 0.029649694442 0.0355336 0.012651395 1E-09 0.016963745 0.019595944161 0.34076255 0.117512 0.257197997 0.134964408544 0.065595821217 0.240744 0.374722 0.264514 0.2992485 0.1936155 0.369249393369 0.189871959331 0.2289175 0.222591 0.111016825306 0.248126595824 0.202892997 0.174470817962 0.183594997 0.040200497 0.2022745 0.220543776625 0.289758 0.135940497 0.195569116546 0.175445213228 0.266484 0.017407 0.013109052616 0.100685 0.1038025 0.0615425 0.066591497 0.3232145 0.045742737675
0.032319022541 0.069146 0.274093 0.421796 0.238361 0.0932195 0.126381497 2.121E-09 0.09675448153 0.236604 0.182640994 0.013095496 1E-09 3E-09 0.051735184803 0.0595586 0.07617615 0.018110044 1E-09 0.016530694 0.00849815 0.19317425 0.196000029539 0.131278263015 0.3213025 0.2865295 0.339346908252 0.428435291614 0.236767634613 0.2241485 0.260936 0.390367844496 0.299953282366 0.166531 0.193101669554 0.1787535 0.188624622969 0.180182 0.184715997 2.121E-09 3E-09 0.346515497 0.237612 0.047318497 3E-09 0.309695497 0.2377485 0.047236497 0.013590943766 0.310954 0.4021965 0.3418905 0.417977 0.2410735 0.221092845041 0.1664585
0.144118 0.056799 0.382151 0.330855 0.2454555 0.022236386948 0.154789561368 0.159524997 0.135952 0.146142001109 0.311671809497 0.175666 0.267081996 0.268786497 0.069927 0.065711716018 0.081997905469 0.039311102283 0.026373594 0.014722595338 0.004539660891 0.02349895 0.0955594 0.0552185 0.170808 0.3608045 0.317773433912 0.294562653819 0.3398145 0.071985238092 0.1337475 0.339074 0.452835 0.309533518591 0.13882521369 0.189577449356 0.173956 0.209681 0.1125095256 0.139437565334 0.086056496 0.477323 0.266086403081 0.2459955 0.102402496945 0.146635 0.02887470541 3E-09 0.018036497 0.2136575 0.297855 0.401725040062 0.349744 0.2293245 0.147378377315 0.2671845
0.156886 0.04511 0.16314 0.223925 0.17916494845 0.3007785 0.190259 0.3003555 0.1645075 0.3428405 0.326299373926 0.2585015 0.224625 0.188075 0.080528502222 0.1219595 0.0595115 0.0477524 0.001991778381 0.0017438 0.0047472 0.0179427 0.2970265 0.262962 0.211062888903 0.206085917823 0.1704605 0.408784 0.1617375 0.132290484251 0.077230497 0.3347045 0.222404881673 0.287601 0.318219 0.2601535 0.168798409485 0.228916 0.1093135 0.157663496 1E-09 0.332482996 0.39891782614 0.301174 0.107956 0.01403430184 0.059183 0.188486497 0.1502235 0.041175181422 0.101105 0.2060985 0.190380015553 0.285692706356 0.219439629386 0.1999295
0.205749688549 0.1569 0.2790455 0.119496449826 0.314968 0.209763 0.296178 0.249461615548 0.3552975 0.3993025 0.235730662518 0.298143 0.2258605 0.2028985 0.110348 0.0774392 0.03247995 0.0243236 0.009077147 3E-09 0.014088847 0.01503383263 0.11170465 0.086891084394 0.133983300006 0.272921 0.3582895 0.325445188934 0.25831883509 0.244779997 3E-09 0.168214497 0.2670765 0.5103655 0.2754105 0.201006062707 0.2513605 0.086620497 0.3253155 0.253669497 3E-09 0.124357997 0.3715915 0.0480415 0.011945861961 0.249311 0.4232525 0.335916379704 0.113349570578 0.318035 0.204186982563 0.03710719611 0.116621 0.1739185 0.1520935 0.028269
0.199871509877 0.1950285 0.148603793367 0.246288 0.035922792251 0.118680802154 0.373685 0.3424855 0.329283 0.220138 0.193121822097 0.307767519405 0.345186 0.102487703312 0.105427146201 0.119745139281 0.077266371153 0.09302835 0.0039254 0.000622647 0.0178324 0.0234916 0.032791794135 0.06736605 0.2822565 0.343231752908 0.312574784857 0.3954575 0.171573803601 0.114493 0.0470385 0.295157 0.46289 0.332979765241 0.266700878874 0.345099221917 0.221313997 2.121E-09 0.139554594335 0.230042 0.099145497 0.123493015232 0.275531 0.0141495 0.230139 0.397567252188 0.358431366723 0.281768617274 0.257387 0.151044725976 0.294620636575 0.151441 0.392218 0.279272176783 0.131519032874 0.0836435
0.1598975 0.039182 0.1322515 0.103385728924 0.1118265 0.095391533209 0.121793486205 0.134316 0.1454715 0.2527145 0.3423325 0.271239995 0.142110996 0.156536497 0.0850365 0.110846412572 0.1086935 0.0396837 0.007455946033 0.01134225 0.015841136442 0.1071755 0.09517355 0.019259502755 0.0935195 0.241102 0.3983825 0.227776 0.203378405958 0.107893 0.021571706574 0.3337515 0.2370445 0.432267 0.321851318719 0.3563325 0.1156255 0.2492515 0.149626 0.078678997 2.121E-09 0.145559698674 0.264545 0.0059125 0.2264915 0.166143 0.1576065 0.2115245 0.267752 0.218425 0.305409318289 0.373675 0.301069096866 0.355371008574 0.229712476703 0.3654635
-9999 0.1187445 0.121279 0.169167 0.0341885 0.130131 0.0921965 0.0372475 0.0381095 0.033137 0.013970495 1E-09 1E-09 3E-09 0.0343125 0.079477 0.0059195 0.007153447 3E-09 0.003808397 0.025905 0.09685805 0.111248 0.1030995 0.114170521551 0.270648 0.20558 0.113383865256 0.183021508835 0.131755 0.110052331657 0.296204 0.350918 0.314359 0.461761 0.295906 0.083897158928 0.146122 0.343495503738 0.202853 0.1850045 0.084829 0.008660288181 0.004465997 0.208602 0.290395 0.251189077415 0.165795326985 0.2572715 0.22522623773 0.2978485 0.21378206803 0.290930246284 0.2518705 0.0477055 0.106081927081
-9999 0.1546265 0.286097171435 0.309589380026 0.277013 0.169734618863 0.131721618966 0.236907 0.2232615 0.3160665 0.2942725 0.394661495 0.323760496 0.273268997 0.1708075 0.10154095 0.010119794054 0.081901946 1E-09 0.008095646 0.03496745 0.12672235 0.3163435 0.2120415 0.100812213794 0.2704145 0.3571925 0.216158 0.090117 0.002921411666 0.207542 0.292838727487 0.360163 0.360047459272 0.348595157844 0.444566 0.289899 0.052016997 0.343886 0.2682965 0.288297687738 0.2823755 0.212272497 3E-09 0.139935497 0.2184235 0.401181 0.253523944006 0.276304 0.243788 0.100278701727 0.159533189331 0.4011245 0.217597262668 0.1206345 0.1333256907
-9999 0 0.486108 0.2190765 0.312728 0.288189146847 0.2413905 0.114345884032 0.244253 0.2962445 0.2213835 0.16504402603 0.198151 0.167046 0.1150645 0.04620855 0.0154139 0.024697945 1E-09 7.07E-10 0.044123495 0.11443945 0.2142575 0.345500858569 0.3700945 0.290829130015 0.406384166643 0.308648574454 0.235517 0.064513594288 0.05453 0.284363 0.195003786795 0.2562625 0.353211504465 0.354188372483 0.381426497 3E-09 0.207184997 0.340873 0.346054523179 0.340173 0.0221075 0.014249615854 0.191941 0.3275925 0.343988003611 0.29645 0.0809065 0.066566 0.086969891445 0.357495 0.248521517083 0.273680376357 0.1283615 0.230970419667
-9999 0.188271 0.231348014688 0.243849309026 0.3035255 0.3571335 0.356823405903 0.4013415 0.28886 0.270874223096 0.2124275 0.320973 0.1591935 0.185634 0.128125047 2.121E-09 0.17256885 0.028749094 1E-09 0.004984895 0.01972 0.06954605 0.058492 0.1897575 0.406968 0.381146464962 0.336593788 0.312983492576 0.3783665 0.2157585 0.016742995 0.0982995 0.2000315 0.2046025 0.3168005 0.1588615 0.1934335 0.021954602774 0.141628997 0.250641067538 0.369183 0.0849823 0.014390895789 0.1021525 0.365067 0.327028754571 0.3117775 0.151537 0.05568 0.057904974311 0.329685 0.352120438701 0.219091025743 0.201722008323 0.1245315 0.294334965436
-9999 0.2358955 0.331373925741 0.2769355 0.066493139722 0.183504 0.332534 0.373363694175 0.271712144632 0.26904 0.082517 0.078674468242 0.23475 0.2172715 0.102212046 1E-09 0.279310546 0.058023443 1E-09 0.001249743 0.025730341 0.1297771 0.126818540546 0.2344645 0.178239699227 0.4012575 0.3213 0.155611 0.0680635 0.067518495 7.07E-10 0.124489996 0.3126625 0.368699617846 0.245180083988 0.274345056732 0.241907 0.182314497 2.121E-09 0.148594494913 0.08735935 0.000377276823 0.1841248 0.151810169067 0.272032 0.3196835 0.181681187931 0.280643 0.059553947325 0.1609555 0.16403887374 0.23807 0.259755 0.154399947653 0.084486 0.4688445
-9999 0.0965775 0.353692 0.185431328745 0.234064 0.0459805 0.099934340725 0.261091 0.1780375 0.140423628569 0.2550515 0.0793145 0.077422182132 0.169297 0.060814751243 0.043088546 0.222506 0.073354442 1E-09 7.07E-10 1E-09 0.068918441 0.22434335 0.075196457472 0.194013 0.306272 0.367196 0.196640738994 0.2981 0.2725325 0.167508996 1E-09 0.162430996 0.288931 0.3552545 0.217131 0.087735334536 0.167892040012 0.3176392 0.0938954 0.008058931341 0.16689985 0.317589444727 0.342512 0.330247151085 0.3232375 0.219733432254 0.159869 0.079517 0.001103793685 0.074137 0.1632615 0.081797051787 0.164526777419 0.08218 0.402821409126
-9999 0.008438 0.235678 0.2400215 0.2576145 0.073469098844 0.190019496 0.271691635707 0.336309 0.219884 0.081506 0.00737017398 0.1712835 0.039713997 2.121E-09 0.133543 0.3341085 0.067940941 1E-09 0.001408642 7.07E-10 0.005431791 0.0269493 0.24193585 0.28984275141 0.5305685 0.523799954766 0.251235 0.180632195021 0.3377925 0.278015497 2.121E-09 0.093004 0.2548275 0.452286 0.439113 0.244396 0.100822496 0.01143355 0.012085347 0.0625509 0.2367345 0.110624381043 0.2221955 0.293604 0.2575365 0.315652 0.11038007565 0.110511 0.14439969 0.1389425 0.09617995727 0.117527864548 0.1972355 0.0638325 0.4156725
-9999 0.0438985 0.246801 0.230580096724 0.1451835 0.135184496 7.07E-10 0.144757497 0.066587536356 0.401375 0.278489 0.1416685 0.08691403001 0.065394293663 0.081383997 0.208559 0.3426205 0.10395495 0.023283991 0.00692825 0.011003341 7.07E-10 0.00878359 0.0340003 0.4020902 0.232392906379 0.581337 0.468492890768 0.3223295 0.443280998485 0.3681055 0.048177659876 0.0435 0.285153 0.344837 0.486499824571 0.224346496 1E-09 9.3246E-05 3E-09 0.289010747 0.412973 0.397031618801 0.22642 0.1960972 0.29128775 0.3928375 0.2667515 0.089728 0.196453 0.0321155 0.058524399852 0.237088976461 0.234782446 0.0283115 0.01723
-9999 0.0121596 0.1116735 0.2300165 0.3434245 0.216858333253 0.130797997 2.121E-09 0.0587845 0.236398 0.12480858952 0.15734646161 0.2888315 0.01122001685 0.044118 0.2976435 0.348031593739 0.2151545 0.08062445 0.01768185 0.009701922231 0.01368184 0.006234942327 0.0043957 0.016638 0.1379217 0.259655 0.474597697164 0.518395537637 0.3259955 0.113683324978 0.166051 0.006222247 0.1697955 0.1918603436 0.21131565 0.00245485 2.121E-09 0.000304547 2.121E-09 0.024214947 0.096582245 0.251960244 0.03739465 0.00879925 0.00904792624 0.039425697 0.003230696 0.01193285 0.0362715 0.025773192 0.1685145 0.110528447 7.07E-10 0.000508946 0.000359878461
-9999 0 0.2169531 0.173720933342 0.214323711824 0.154842242944 0.2368625 0.12859726129 0.114724991 0.3202215 0.2346655 0.0721125 0.063971243387 0.038086 0.2242885 0.09428208267 0.242754 0.236550552831 0.17693 0.0463757 0.01702625 0.003096349884 0.0047047 0.006512877719 2.121E-09 0.018481747 0.09581575 0.230472439716 0.6002038 0.35376625 0.1256677 0.085535247 3E-09 0.127872747 0.09766795 0.004334997 6.008286E-06 0.0040228 0.01891315 0.002629097 7.07E-10 1E-09 1E-09 0.010975094 0.0009627 0.01172325 3E-09 1E-09 0.001097346 0.001266692 1E-09 0.002408692 2.121E-09 1E-09 1E-09 0.058876445
-9999 0.02748825 0.132075497 0.199660789935 0.1873425 0.1162038071 0.2831095 0.122563991 1E-09 0.388113491 0.147862568684 0.098499621066 0.035419332223 0.107232 0.208106475451 0.108509 0.201497855474 0.350502578386 0.312574431303 0.2465285 0.08886925 0.04804085 0.0245471 0.0146329 0.009816197 0.002259628309 0.00721685 0.12267295 0.016614396 0.021180945 0.03282025 0.02755335 0.0272748 0.12150345 2.255E-05 2.121E-09 0.011609597 0.1212117 0.2664448 0.09353515 0.172042246 0.035632745 0.024360494 0.017298267144 0.01554145 0.008968942413 2.121E-09 1E-09 1E-09 0.001334195 7.07E-10 0.000728243 0.00068395 0.000508946 0.156195445 0.334877
-9999 0 3E-09 0.274445497 0.213572496 0.225722270309 0.3463504 0.267941992 1E-09 0.037709242 0.10094625 0.122413 0.081144 0.036364026883 0.2229875 0.1863305 0.34491077796 0.399272086638 0.467125699807 0.389544418649 0.36837 0.10745765 0.0428691 0.1170939 0.0299332 0.0083193 0.000737441662 0.00588875 7.07E-10 1E-09 0.007739245 0.0112011 0.003100590404 0.0086257 0.000113561349 0.0007855 0.038168 0.1101115 0.3578305 0.009755 0.377215 0.236656 0.16472225 0.0767928 0.0534615 0.03507145 0.019460697 0.000863146 7.07E-10 1E-09 1E-09 0.093955693 0.2217625 0.436656 0.357196758283 0.385968226103
-9999 0.1657585 2.121E-09 0.238459997 1E-09 0.136442496 0.032482595 0.080409994 7.07E-10 0.268814993 0.205925934914 0.140903754073 0.144528383434 0.179857 0.215281487959 0.2084185 0.398715 0.438702 0.2685965 0.1720875 0.1764075 0.013813684524 0.189429 0.220528432408 0.135235197 2.121E-09 3E-09 2.121E-09 1E-09 1E-09 0.010710495 2.121E-09 0.009151647 0.005894760326 0.0117856 0.060102 0.1107265 0.219741210428 0.267975 0.104846 0.3900075 0.216814 0.3741695 0.283586 0.2222185 0.16237 0.0639665 0.05891055 0.032527195 7.07E-10 0.004182694 0.1257155 0.151891132793 0.2563995 0.3353735 0.215707519795
-9999 0.2711308 0.090676547 0.203302637345 2.121E-09 1E-09 1E-09 1E-09 1E-09 0.063871493 0.268740497 0.251073816888 0.203151 0.047214 0.2464345 0.224667623373 0.2576745 0.459600669442 0.320282955878 0.257291055383 0.227804349054 0.1334075 0.142743999472 0.4839695 0.092310696 1E-09 1E-09 0.006080997 0.016448496 0.036441395 0.0790022 0.199777447 0.4286593 0.4575806 0.2874425 0.099536946714 0.3567375 0.33149165902 0.145727282981 0.2810635 0.376692399347 0.1764385 0.219551352258 0.2916735 0.1758885 0.116234 0.033005623225 0.2319095 0.1952765 0.064927194 0.003080647871 0.018579 0.103158497 0.1186625 0.150492122026 0.3065995
-9999 0.222953847 3E-09 0.109670847 0.057214802738 0.055208996 0.095156495 0.103791494 0.159797993 0.029776968713 3E-09 0.155086997 0.1536455 0.055911286742 0.128728 0.2043825 0.0901635 0.3701625 0.2615855 0.202443610794 0.2291705 0.237927 0.454720678057 0.39289365 0.01989425 0.006686296 1E-09 0.006609495 0.0140117 0.0304195 0.0812265 0.203631 0.262133676174 0.358443 0.107216126358 0.1291275 0.277119390188 0.355987497 3E-09 0.249746497 0.331501558515 0.155703 0.2940455 0.24088936004 0.337063 0.055281608153 0.2158115 0.292668314753 0.151736 0.074794926887 0.03568 0.012943943183 3E-09 0.018094497 0.096938 0.236352
-9999 0.04497555 0.002569060357 0.05427345 0.2588291 0.18331825 0.228275 0.2016295 0.282840944708 0.1225475 0.198476497 0.052813449812 0.0146025 0.0817175 0.2659395 0.169218784466 0.1621065 0.279715 0.414526147675 0.2332145 0.127516101385 0.1597935 0.26693215 0.032036247 2.121E-09 0.005702671233 0.006185945 0.05034125 0.1001145 0.0916135 0.035059061318 0.27435 0.351025483851 0.361635 0.1127545 0.160377 0.290667909669 0.441716 0.025854997 0.390362 0.292465021553 0.28863 0.403221 0.323671 0.097010454185 0.2395555 0.4055635 0.149905930505 0.182758111559 0.155459547164 0.1117465 0.0531415 0.028541997 0.009134403278 0.014834 0.28848
-9999 0.3873103 0.1172519 0.0124723 0.25899205 0.08316975 0.18445805 0.322956915527 0.264631530879 0.2834295 0.1874895 0.0493575 0.004584880369 0.155289 0.216743 0.1979415 0.049908303723 0.094098 0.2476875 0.3458685 0.2083545 0.059883738392 0.089199396 7.07E-10 1E-09 0.008958946 0.02643055 0.1058102 0.2558245 0.2770105 0.217223 0.052868252709 0.2492625 0.236148 0.3178555 0.267506 0.374069386743 0.333930470309 0.2313455 0.353618090864 0.126077492639 0.31491 0.409426 0.2963365 0.0547755 0.3606405 0.368346771562 0.150733245439 0.257635 0.08397564778 0.092209906247 0.0912175 0.1518285 0.030881 0.011071170873 0.302427
-9999 0.068188640362 0.0348096 0.005936762469 0.0570372 0.00987215 0.06561545 0.17627605 0.287846 0.252338833041 0.172522033794 0.1698955 0.10512 0.088798823135 0.324054 0.2793215 0.0329345 0.083463348917 0.179165 0.163681 0.16604395 0.137577895 7.07E-10 1E-09 1E-09 7.07E-10 0.202853395 0.148443421549 0.250899163635 0.340386 0.362448 0.1648895 0.134593886712 0.09028 0.386484 0.33825 0.440975830378 0.15860299036 0.253839 0.299627659693 0.3945465 0.33595350281 0.407269 0.153906387119 0.2765015 0.412836162468 0.369525518567 0.286057573455 0.1677525 0.006629479627 0.338734 0.08751 0.2556495 0.016809342402 0.0271105 0.01767766953
