DownloadStableBinariesAndSampleData/SampleWC/Data/Wi_Slope_ST.ASC
ncols         183
nrows         156
xllcorner     336778.1875
yllcorner     276369.9609375
cellsize      200
NODATA_value  -9999
[rows 125 to 149 of 156, columns 56 to 111 of 183]
0.130821 0.14191173479 0.211978 0.095163844826 0.224268 0.386544 0.217001171651 0.3194285 0.16195962625 0.2443495 0.4769505 0.3839085 0.053407775183 0.2031315 0.185208 0.163754970368 0.2379075 0.142710411899 0.171565 0.232019 0.3155935 0.340092 0.6875305 0.39467 0.3209055 0.466101455634 0.644735720445 0.4087825 0.762932 0.3804985 0.278544 0.106753678523 0.23372778256 0.374330309145 0.4673375 0.0914535 0.212558066192 0.400234 0.568107 0.706048 0.215743935794 0.3980885 0.446438 0.209738 0.012065009454 0.21047139408 0.307765 0.415586 0.3111125 0.188194346371 0.095824997 0.6481995 0.327703 0.3785275 0.022919 0.1575635
0.091411936245 0.2094075 0.246461 0.3474325 0.204883482742 0.1843905 0.2910545 0.335248870902 0.169714 0.2247445 0.320396092963 0.4520625 0.1792745 0.229705759189 0.146992 0.099191525051 0.123916220762 0.201199 0.252182562442 0.226688888107 0.3519 0.299856055183 0.346356 0.530534 0.364069 0.200128543192 0.588299406918 0.2944145 0.347852695723 0.437850064852 0.377250660151 0.380301 0.3179485 0.2049575 0.196061972093 0.1446875 0.343597327114 0.516535846803 0.413931117318 0.334555906257 0.455059 0.578054136766 0.501625439661 0.334223919623 0.2302745 0.004439569926 0.106785 0.2206725 0.253204331741 0.414869 0.3349855 0.309071424309 0.557675 0.282385567941 0.349775 0.209833937317
0.1594505 0.113061424564 0.496729 0.26009367311 0.371791 0.425408874591 0.340686168496 0.314384624663 0.157121 0.2379605 0.186003731684 0.263681886471 0.271736 0.105848581843 0.237076 0.261181 0.451516 0.266710071262 0.092460575601 0.550153 0.307153043612 0.125831773032 0.350553 0.660743 0.2498825 0.462817 0.644811 0.5257845 0.3120665 0.1193035 0.1925935 0.214340682387 0.29985888361 0.2626055 0.155419242078 0.136942 0.304491140134 0.2542555 0.249425553103 0.4478875 0.6120955 0.425012 0.3193435 0.25763 0.224077896317 0.135622 0.168355407086 0.272933997 3E-09 0.39156851181 0.3566655 0.325064765486 0.582414157179 0.4789235 0.45121155459 0.278778
0.061365201345 0.0970415 0.204199003378 0.345269 0.3520955 0.412747 0.483042673451 0.344508787755 0.1527465 0.171232978132 0.298734 0.164792296016 0.24471516128 0.314196 0.384211 0.3898165 0.325565397087 0.307274 0.3642105 0.225506252015 0.3735435 0.3353395 0.488248393575 0.8744935 0.390938126115 0.507005 0.567623604636 0.7614215 0.3257695 0.189436735107 0.265103171102 0.314709 0.131226 0.174365461173 0.381856 0.267243 0.207003742425 0.053938 0.242328 0.2882685 0.401799639827 0.390519 0.327317 0.170945539226 0.220375131658 0.4856415 0.3454615 0.114244765641 0.317379497 0.429380691259 0.370923 0.313720649274 0.193748497 0.220991728771 0.563588 0.263372173701
0.152311 0.254144 0.149745417265 0.212587 0.284064 0.118082589817 0.35673 0.448839918445 0.2693305 0.3477685 0.3655825 0.0649155 0.1617815 0.2208105 0.099241376079 0.317936 0.4081115 0.1548935 0.434915 0.2218235 0.235164977093 0.274903 0.2947335 0.4965355 0.547918 0.379065803258 0.51400900072 0.695040003966 0.612332 0.392651 0.2897025 0.113360884286 0.145384336192 0.4099925 0.222580244155 0.161368 0.067241 0.183307 0.299865601125 0.193464768886 0.405547 0.144810165486 0.357678651555 0.230708790158 0.3192165 0.372468 0.305025005754 0.279542 0.191746145854 0.3003775 0.16920358167 0.448592997 3E-09 0.2377075 0.065774012126 0.5288385
0.1642445 0.199926310653 0.3877405 0.20781337969 0.154557632465 0.477219 0.39778539463 0.309798683634 0.358941 0.313925358809 0.251446464283 0.237429 0.3558045 0.098778221138 0.1828985 0.281276470954 0.3541565 0.2161335 0.298865752136 0.3891985 0.178235103033 0.302944697604 0.150791581748 0.543646 0.4219445 0.373865 0.623979661544 0.8230865 0.4384125 0.406624 0.254602988954 0.373957 0.1002025 0.343401 0.196558361054 0.2728495 0.1081175 0.227488272323 0.228117243805 0.367367 0.413388412864 0.460985 0.286495626106 0.125274 0.208225 0.156174785673 0.193423756693 0.485181 0.5686975 0.220412 0.251124730698 0.2853426885 0.3863135 0.327785 0.067032308643 0.119521905671
0.093973 0.166756992207 0.12634866809 0.3027615 0.168627643197 0.135935975382 0.2971505 0.184436 0.3241575 0.415028547043 0.282909534065 0.3675695 0.296849083596 0.1427185 0.3383535 0.244843147607 0.356946 0.3492345 0.204878886548 0.27175881368 0.1486225 0.3659095 0.31992 0.437308421058 0.279188 0.535070883304 0.6526305 0.278978020362 0.4261435 0.193738772764 0.2783215 0.280152878279 0.283651 0.42245988576 0.1149815 0.247047552997 0.1590505 0.429052 0.10743851144 0.0922965 0.1900585 0.284271 0.238748240707 0.4192825 0.245855724518 0.170865282606 0.30312 0.5751965 0.23648585256 0.362488 0.273551 0.165809 0.083786 0.078885539616 0.1958365 0.1391835
0.1764635 0.3441895 0.3639145 0.209659989049 0.373129 0.101091874526 0.206993 0.115739 0.165629 0.289407 0.4794975 0.333777 0.372934480359 0.2542965 0.421838692452 0.050641 0.4825915 0.589057 0.419889 0.30570029273 0.3609155 0.368266514943 0.6590455 0.455783707037 0.478405820734 0.4590895 0.3693005 0.30733 0.155627131471 0.3923215 0.395341 0.029030268902 0.25461 0.337184 0.0434375 0.372460718815 0.1717015 0.358169030107 0.283904 0.149876939127 0.276348643796 0.380738464349 0.2637745 0.3487665 0.220059762033 0.432402 0.536405547354 0.3550995 0.336045 0.134119064508 0.241801881341 0.319791 0.234288164684 0.255914 0.2186735 0.143631064929
0.108792 0.3065645 0.292162 0.437628 0.319605901135 0.271322 0.162100694053 0.452333 0.260181354351 0.289101668148 0.3786765 0.3021035 0.312518569867 0.2798485 0.310673021169 0.358359 0.29121344255 0.4433945 0.216079 0.218894 0.445083 0.200780495644 0.581943 0.6036 0.39368 0.4716265 0.242561314024 0.389293749295 0.50607 0.372582 0.23887375216 0.3528905 0.302263046667 0.419062 0.1285415 0.3842705 0.1477555 0.318931674819 0.4456285 0.3260835 0.285950446778 0.364358689317 0.328705 0.366203884462 0.41716 0.174970744577 0.4529925 0.132169217559 0.352719004591 0.286206 0.238898 0.089312 0.108938 0.019417859318 0.208436340764 0.2760995
0.1969435 0.285095554679 0.219781869068 0.3260545 0.341009669848 0.2558905 0.329436 0.189249705363 0.3797735 0.249750822222 0.3568355 0.405578772019 0.375229748971 0.4177785 0.268985894437 0.3531785 0.329424 0.5023575 0.7380925 0.5140705 0.6185265 0.697968 0.357872398813 0.25576 0.353436717974 0.4076815 0.3142605 0.1960585 0.261657 0.10068458102 0.1869695 0.2534845 0.4642775 0.375585070128 0.211625 0.37061552367 0.1774275 0.3631421121 0.190243543944 0.256063 0.200562 0.273895336819 0.4453945 0.398739 0.177819677799 0.465869878164 0.352466921024 0.37199296768 0.3069935 0.250847 0.1580185 0.084167 0.0821195 0.0226195 0.176768 0.057597382862
0.2514215 0.147949366041 0.242046 0.186453 0.336185 0.3475025 0.2111805 0.3193155 0.221587112681 0.3239665 0.4638585 0.343095634853 0.385427 0.453307065536 0.4166935 0.4288945 0.4337595 0.46821 0.39027344574 0.4529975 0.649999423324 0.576183 0.412473 0.388503 0.590245 0.6465265 0.278459003985 0.259870934474 0.356380049951 0.2360705 0.173496 0.121747524264 0.4338315 0.279902208925 0.325657 0.361650116791 0.213824 0.186683261301 0.264608 0.399956 0.470096 0.4401275 0.299318300476 0.460823257066 0.551828606912 0.4445735 0.2646865 0.2236875 0.1994455 0.096917 0.136431657236 0.176127217718 0.13165939357 0.3005185 0.232379329928 0.600901
0.289893 0.367448 0.196345168359 0.4145845 0.352368633181 0.397492 0.323245 0.334883 0.352107 0.336222203386 0.359616124135 0.291376784217 0.26837 0.310913083921 0.2490605 0.386843977852 0.408424 0.269747094887 0.39611 0.534947 0.652349 0.2258315 0.26007 0.253996291336 0.388689 0.5810475 0.684616542904 0.625722 0.336632325319 0.491244 0.2813155 0.3043415 0.244245288824 0.149912648019 0.335517 0.338688238286 0.1741415 0.324507 0.229705405635 0.409660899467 0.357873459473 0.577054 0.420034155947 0.712334 0.489428 0.216958 0.30915 0.214392 0.103998083396 0.213230524741 0.27404 0.333053304347 0.3834645 0.277334350649 0.349402 0.398376182346
0.5136575 0.4148905 0.426668 0.248298424893 0.2971985 0.52028 0.589777260091 0.53738 0.4773615 0.6358165 0.389924488544 0.212488416174 0.187046714187 0.32922891732 0.262775 0.379767960292 0.2122035 0.406968590397 0.450248828707 0.5757205 0.49137203778 0.2427195 0.175988978342 0.477123482586 0.480937 0.235192200704 0.532266851364 0.406146 0.534377918659 0.521921 0.550142510792 0.6314575 0.300581900294 0.287031 0.208823481727 0.343180487667 0.2988825 0.247080079909 0.4616455 0.674807 0.2553305 0.287055301124 0.352715469058 0.357658145458 0.426701465787 0.3811035 0.2301625 0.147048158449 0.368728 0.480355 0.3835045 0.525134 0.7487855 0.4091235 0.413859 0.353511671293
0.300989 0.403306 0.46584972562 0.546689001273 0.45456606916 0.4800235 0.4909495 0.317045467481 0.4724045 0.291564521067 0.611695 0.348423 0.116956 0.223875663778 0.171999835436 0.403623 0.1944845 0.372657294501 0.357939573957 0.134815 0.700755 0.184002973047 0.332633 0.536879 0.111274919282 0.3154925 0.507321538337 0.342983 0.474791797975 0.418517 0.557832 0.388154953824 0.5632715 0.461621 0.461717393591 0.4416315 0.285964942467 0.250815371481 0.295865851617 0.3729035 0.583711 0.4833795 0.2233105 0.281944 0.2419645 0.2186445 0.128042895937 0.4121705 0.439393 0.316319268816 0.362781 0.392114 0.3057535 0.3490985 0.1524665 0.143330544547
0.318454 0.194244000559 0.387138 0.6763515 0.39317 0.21444 0.275163886384 0.441662 0.15831307658 0.3799145 0.3935675 0.511068 0.5325665 0.342471 0.14645 0.133982592899 0.1425145 0.210787117258 0.267562134933 0.2979415 0.5029855 0.488609 0.343643642608 0.611785 0.305940709035 0.253929 0.521634793802 0.2240845 0.438098612886 0.073841746946 0.257688 0.503524728475 0.294345 0.104746909478 0.209319 0.2136465 0.5300805 0.373305 0.2830325 0.1417505 0.174004483161 0.411543924825 0.572554 0.434512167292 0.414092337665 0.286376832167 0.211469 0.28983069524 0.045498785835 0.1412295 0.231221 0.143765061664 0.16093149299 0.249629 0.317109460644 0.38617
0.235345289322 0.371629868348 0.36390331255 0.5616355 0.333037 0.3369635 0.310333609914 0.368427735289 0.2263985 0.215352 0.258654003704 0.261757141813 0.345149 0.352801 0.4740845 0.242505806142 0.20215 0.209396591773 0.341366758773 0.273984 0.187023026109 0.2704685 0.418903845757 0.208381186435 0.377346826673 0.200572606251 0.445416 0.203995 0.3709535 0.304706100596 0.31542 0.461967709392 0.3212905 0.291196471988 0.370073 0.313703680833 0.2735055 0.274872911944 0.421548 0.187998833467 0.32671 0.3092845 0.148271497 3E-09 0.2610545 0.157736784553 0.4301485 0.1893135 0.185259148244 0.250417 0.148418884944 0.281962 0.1572505 0.098833375467 0.252978 0.060942495
0.250182510912 0.331755056296 0.4352665 0.208822421067 0.222236236706 0.281392 0.368633 0.260326 0.238898854451 0.2675045 0.390564066627 0.269206511753 0.219932 0.294529419801 0.407002 0.369447029714 0.103238 0.2344595 0.324112999759 0.1758535 0.237313 0.154726630986 0.3428115 0.366028 0.240239 0.227771822142 0.196072 0.088847613503 0.2179245 0.281358495341 0.1660025 0.3910755 0.226724243446 0.463496 0.1807355 0.4573205 0.2152915 0.261590618166 0.163507836548 0.3208555 0.256338936102 0.303455582253 0.359437 0.617829997 0.256843810344 0.380587 0.172495 0.053081798957 0.3149685 0.077635374827 0.162682642934 0.212973491426 0.1875798727 0.2001005 0.206593995 1E-09
0.119267700783 0.379976 0.261841 0.51511 0.268420209012 0.205145465804 0.374603 0.27692564293 0.3544175 0.1178715 0.252175137821 0.1659975 0.133650959819 0.227495343391 0.185318 0.31728623734 0.071999733781 0.1694985 0.223296896878 0.159818 0.147704707095 0.3151505 0.5343585 0.3671365 0.358923 0.316164765985 0.1729055 0.2457755 0.109344517769 0.294993 0.2107535 0.182095906058 0.3551915 0.226036 0.1916805 0.205659178881 0.0512335 0.299329 0.113395 0.4534325 0.16296477854 0.116361845465 0.448994 0.470896 0.160936 0.116527662006 0.322783285457 0.410526 0.3531975 0.1694465 0.1819525 0.1594175 0.1371475 0.10092 0.109506441686 0.196630995
0.383823217682 0.366273180927 0.225026126511 0.445053 0.287256 0.0937775 0.176532743457 0.2514975 0.2131155 0.163723 0.194049 0.2472975 0.166316464683 0.222422205789 0.1829115 0.3449095 0.356690116275 0.2570705 0.3013645 0.113407553334 0.4626955 0.2935195 0.354254 0.2971705 0.369083 0.2636815 0.143531716426 0.214237 0.271325710776 0.313517 0.079363190247 0.222508 0.464706 0.291427 0.152060131314 0.3236225 0.2401685 0.380815892542 0.62705 0.5324195 0.3639185 0.382389 0.2725965 0.149144730055 0.166801539934 0.22491 0.3231305 0.3544455 0.20946199915 0.263717948917 0.346466412879 0.36092321102 0.3609045 0.3962855 0.3922375 0.1896015
0.2542445 0.3910455 0.509755399878 0.492660032782 0.463833410634 0.434133 0.227616 0.0954475 0.05910917716 0.134090426683 0.266072 0.2250535 0.471688 0.234112095096 0.135552 0.171772147053 0.3406455 0.109272039324 0.074643 0.272187 0.3568565 0.252554147056 0.266994 0.203604326575 0.146272815863 0.317223 0.154606069279 0.1039635 0.2233415 0.1575595 0.231466808627 0.277655730681 0.4014425 0.0557995 0.2623595 0.3147065 0.4259865 0.5178065 0.3449835 0.466002 0.363420712171 0.2579225 0.195809534972 0.38961 0.3445365 0.276423 0.270224038411 0.390975956327 0.4933155 0.567206 0.399056 0.268337477519 0.25829 0.176063 0.1516995 0.1599525
0.302605 0.223961577252 0.3157635 0.403518969965 0.4976755 0.329809 0.4533655 0.370173935485 0.233508 0.204079502332 0.1580145 0.120795758537 0.185165 0.2192005 0.139959 0.1924605 0.167822 0.237055 0.27045 0.260969 0.130154316786 0.2840745 0.2027955 0.2943695 0.187135102534 0.162436 0.171861242507 0.1380965 0.190559 0.171134336736 0.2104264928 0.3716675 0.3049725 0.2103847735 0.333732 0.336060275934 0.363195 0.292874 0.273106559204 0.159574201524 0.1638335 0.3854845 0.27711 0.328923093638 0.2158015 0.384216 0.35145611188 0.3338185 0.271652 0.172112 0.131123406629 0.381349 0.167098524783 0.213214968391 0.2316335 0.174015089763
0.212931418572 0.332676 0.248905 0.3069225 0.305770649855 0.2589875 0.2807065 0.364292574833 0.343218 0.3736615 0.112282192891 0.170812 0.081408496611 0.098580938346 0.1005785 0.144597 0.14485542032 0.0855235 0.1329115 0.175055 0.219840912484 0.207094252093 0.1966695 0.1634975 0.312124 0.1782565 0.23673404704 0.1146705 0.080935088621 0.208463 0.257545967378 0.303126 0.124608478301 0.449282 0.293266 0.4088155 0.2699365 0.176677346794 0.2042915 0.2093325 0.182639 0.3387955 0.370976 0.34884193811 0.344508 0.370117013389 0.374557 0.219880156911 0.318684540999 0.364264290561 0.3861995 0.331469031603 0.3576925 0.3396175 0.244601317088 0.203299209999
0.316692 0.284557 0.231920771181 0.216160421688 0.28652 0.1950355 0.146619298186 0.372239 0.265016904074 0.3598475 0.2818335 0.100000455209 0.219267 0.1950645 0.0878755 0.089989 0.214652516478 0.100817163541 0.167856 0.094801806154 0.203706 0.12664176385 0.0899005 0.173105 0.23527 0.114085668737 0.224783235332 0.1439945 0.1616215 0.100297440057 0.1480165 0.042623 0.354634 0.362903 0.17327545607 0.163252217446 0.090875949305 0.273537 0.2348645 0.140904 0.440341 0.424392 0.216204262309 0.271753 0.075849 0.399329008734 0.3932725 0.488516740598 0.638017 0.727438 0.3082795 0.221733483784 0.454423 0.2990225 0.2065996309 0.207777670797
0.1787835 0.178863013855 0.24379 0.273781139074 0.236857790727 0.136811373577 0.219659 0.276073225705 0.361950637173 0.228957993768 0.335853 0.1988075 0.118120773584 0.1198095 0.107894 0.071594 0.1625365 0.140232709738 0.061471 0.097999343018 0.2196575 0.260438 0.078198938931 0.0809955 0.05435741959 0.1026245 0.314703529821 0.1411415 0.127333667836 0.175061254245 0.3605985 0.3293575 0.299548463734 0.081218991994 0.1293365 0.114756 0.166947 0.2120335 0.30836 0.170268 0.281879 0.1540325 0.283717757116 0.265356 0.374232 0.3914445 0.181161 0.6095575 0.331788 0.3179105 0.388154 0.265195448537 0.41481 0.329960419286 0.204839642122 0.4770395
0.1093755 0.1777215 0.159763706141 0.18892196137 0.246786 0.281629 0.170620977213 0.1798165 0.2587585 0.361654712985 0.438514 0.163037256985 0.2311845 0.072954327935 0.120545 0.1106645 0.112638928263 0.1618105 0.129523 0.194980452272 0.2199885 0.158183322485 0.204934747984 0.1625185 0.228112294057 0.2128485 0.3338225 0.041984465133 0.259108 0.2738905 0.1504525 0.125700251171 0.177495 0.367247 0.177327531479 0.340538 0.266775832192 0.240580000823 0.197125814246 0.184028 0.574363 0.3152255 0.391427 0.0888185 0.042031 0.170040442546 0.274624717464 0.344224 0.2640475 0.22151923043 0.303778 0.371316 0.2901245 0.276280407992 0.4218395 0.4092625
