DownloadStableBinariesAndSampleData/SampleWC/Data/WiFAc.asc
ncols         183
nrows         156
xllcorner     336778.1875
yllcorner     276369.9609375
cellsize      200
NODATA_value  -9999
[rows 74 to 147 of 156, columns 0 to 95 of 183]
0 175 0 0 1 6 0 0 0 0 27 4 3 0 0 0 4 0 0 45 0 31 0 0 1 102 2 1156 4 1 0 0 0 2 15 0 0 0 0 1 13 0 0 1965 13 12 0 0 1 0 0 1 16 0 0 0 4 57 47 0 0 0 4 1 0 0 0 0 2 0 9 0 10 0 0 0 1 834 76 75 72 69 67 64 61 58 53 49 0 0 32 1 9 3 2 1
0 0 171 167 160 7 0 1 0 1 32 1 0 2 0 0 1 7 11 0 48 81 0 0 99 1 0 1149 1 0 0 0 0 0 0 9 4 0 0 2 10 0 0 1963 1887 1 0 0 0 0 0 0 19 0 0 0 65 1 0 4 2 0 0 0 0 1 0 2 0 0 7 0 0 5 0 2 3 831 0 0 0 0 0 0 0 0 0 0 0 0 0 28 0 0 2 1
0 0 2 2 1 149 134 130 1 0 34 0 0 7 2 0 0 0 0 0 0 1 95 97 0 1 1093 49 2 1 0 1 0 0 0 0 0 1 0 3 1 0 2 71 1 1884 1 1 0 1 1 0 21 0 0 69 2 0 0 0 0 0 1 0 1 0 3 5 0 1 0 1 0 4 0 1 2 825 33 31 0 0 0 0 15 14 12 8 0 3 0 0 15 9 5 4
0 0 1 1 0 13 1 11 113 110 106 0 9 2 1 0 0 0 0 0 0 7 1 0 0 3 1090 0 47 46 42 0 2 0 0 1 0 0 0 2 0 0 0 67 0 1880 0 3 0 2 2 1 22 0 0 76 0 0 0 0 6 5 0 0 3 1 10 0 0 0 0 0 0 1 0 3 4 787 0 0 29 26 23 18 0 0 0 1 6 0 0 0 0 2 1 0
0 0 0 0 1 12 0 10 1 1 2 66 54 0 0 0 2 0 1 0 3 1 0 1 2 38 0 1045 0 0 1 37 23 16 2 0 0 0 0 0 0 0 0 1 63 5 1873 1870 1860 3 1624 1620 25 1 79 0 1 0 0 10 0 0 0 0 0 4 34 20 12 0 0 0 0 0 1 0 1 780 0 0 0 0 0 0 0 0 0 0 0 0 0 2 0 0 0 0
0 1 0 0 0 9 0 9 0 0 1 0 3 45 1 6 1 0 3 0 0 0 0 0 1 37 1028 14 1 0 0 12 0 1 10 5 0 1 0 0 3 0 1 61 0 4 1 2 1 1854 227 0 1591 83 2 1 0 0 13 0 0 0 0 1 46 43 0 4 0 8 3 0 0 0 0 0 0 776 0 0 0 9 0 0 3 2 0 0 0 8 4 0 0 2 0 3
0 1 0 0 3 1 0 0 7 0 0 1 0 0 41 27 0 9 1 0 0 0 0 0 1 34 1027 11 1 0 0 0 9 0 0 2 1 2 1 0 0 4 6 51 0 3 0 1 0 0 223 1 1 1504 2 1 0 16 0 0 1 1 52 50 0 0 0 3 0 0 2 0 0 1 3 18 21 773 0 13 10 0 7 5 0 0 0 16 13 0 0 0 6 0 12 6
0 1 0 0 0 0 0 0 2 1 0 0 0 4 0 1 23 0 1 0 0 3 1 0 30 31 1026 8 2 1 0 0 0 6 0 0 0 5 9 12 33 43 46 0 1 1 0 0 0 0 222 0 0 0 1499 0 18 0 78 77 75 71 14 0 0 0 0 0 0 0 0 0 6 8 11 1 0 3 745 16 1 0 0 0 0 0 20 0 0 0 0 0 23 14 0 0
0 0 0 0 0 0 1 0 0 0 0 0 0 0 0 0 0 10 0 0 0 1 6 28 0 1024 0 4 3 2 1 0 1 2 0 0 4 0 2 17 1 6 0 0 0 0 0 0 0 2 220 1 0 0 4 1492 100 80 0 0 0 0 0 11 9 4 2 0 0 1 0 0 2 0 1 0 1 0 9 717 2 1 1 1 2 21 0 0 0 0 1 27 0 0 0 3
0 3 2 0 1 1 3 0 0 0 2 0 0 1 0 7 6 1 8 0 0 0 17 0 0 5 1016 6 3 2 1 0 0 0 0 0 1 0 0 12 0 1 3 0 0 0 2 0 2 96 117 1 0 0 2 1390 1375 1332 1 0 0 0 0 0 0 1 0 0 1 7 1 0 0 0 0 0 0 6 0 7 705 676 666 665 660 30 1 3 0 0 32 0 0 0 7 0
0 657 190 189 187 181 0 3 0 1 4 0 0 0 12 0 3 0 1 3 2 11 3 0 0 3 1007 0 1 0 0 0 0 0 0 0 0 2 3 11 0 0 0 0 1 3 0 3 92 0 114 1 0 0 0 5 7 41 1329 1328 4 2 0 0 0 0 0 0 12 0 1 0 0 0 0 1 3 0 5 0 27 1 4 1 1 623 5 0 0 36 1 0 0 0 9 0
0 0 465 0 0 1 173 0 0 0 8 0 0 18 2 0 2 0 0 2 0 7 0 0 0 1 1006 22 21 20 18 1 1 0 2 0 0 0 3 1 0 0 3 5 0 0 6 86 0 0 1 108 0 0 0 3 3 2 40 6 1314 164 161 9 3 0 0 15 4 1 0 0 3 0 0 0 0 3 0 0 26 0 3 0 0 0 621 45 44 5 4 2 0 0 48 36
0 0 2 460 0 0 0 166 1 143 141 39 37 16 13 0 0 0 0 0 0 5 0 0 0 1 982 1 0 0 1 11 9 4 0 1 0 0 0 0 0 1 0 0 7 9 68 8 0 0 2 106 1 0 0 0 2 1 39 1 3 1148 1 149 3 2 0 22 0 1 0 0 0 10 2 0 0 0 0 0 24 0 0 1 0 1 272 299 1 0 0 0 0 52 1 0
0 0 1 2 455 1 0 0 162 15 0 90 1 0 1 12 0 0 0 0 2 0 1 2 6 12 974 2 1 0 0 0 0 0 2 0 0 0 0 1 2 0 0 0 15 56 0 7 0 0 0 6 92 1 0 0 0 0 38 0 2 0 1146 0 148 144 23 0 0 0 0 1 14 0 0 0 0 1 2 18 1 0 0 0 0 270 0 296 0 1 0 0 62 5 0 1
0 0 0 1 9 442 0 0 0 13 0 0 86 0 0 0 8 4 1 0 0 0 0 1 4 0 957 2 1 0 0 0 0 1 11 6 2 0 0 1 3 9 11 13 12 26 0 4 0 0 2 2 74 13 0 0 0 0 37 0 1 0 3 1141 1 0 119 115 1 0 0 19 0 0 0 0 0 0 1 11 0 0 5 6 8 259 0 294 4 1 0 0 64 0 3 0
0 0 0 0 8 438 1 0 0 0 11 0 0 83 0 0 0 0 0 0 0 0 1 2 0 0 21 933 2 1 0 0 18 13 0 0 1 0 0 0 0 0 0 11 0 23 0 1 1 0 0 1 73 0 10 0 1 0 34 0 0 0 0 1140 0 0 0 1 110 0 0 21 0 2 0 3 0 0 8 0 0 3 0 1 257 0 0 287 0 0 0 67 0 0 4 3
0 0 0 4 1 2 434 2 0 0 0 7 0 0 80 0 1 0 0 6 1 0 0 1 0 0 19 3 925 1 0 21 0 0 3 1 0 1 0 0 1 3 8 0 0 21 0 0 0 0 0 11 72 0 7 0 0 25 1 3 0 0 0 14 1123 1 0 0 0 106 103 1 0 0 9 0 0 1 6 1 1 0 0 1 251 0 0 5 278 71 69 0 0 7 0 0
0 3 1 0 0 1 3 426 1 0 0 3 0 0 0 75 0 0 9 0 1 0 0 1 14 17 1 0 922 917 914 0 0 6 0 0 0 5 1 0 0 0 2 0 6 0 10 0 0 1 8 0 58 0 5 0 0 21 0 0 0 0 9 12 1120 2 1 0 0 0 2 74 1 10 0 0 0 0 0 0 0 0 0 1 248 0 0 2 1 203 195 0 9 0 0 49
0 0 2 0 0 2 0 423 2 1 0 0 1 0 2 1 66 19 7 4 2 0 0 1 6 1 0 0 3 1 12 876 867 0 14 13 11 1 0 0 0 0 0 1 2 1 5 0 0 3 0 0 56 0 3 0 0 19 1 0 0 5 0 1 2 1113 14 12 0 0 0 0 70 67 0 3 0 0 0 1 0 0 1 243 2 1 0 0 0 6 0 191 146 144 52 0
0 3 0 0 1 0 1 418 2 1 0 0 0 0 0 0 45 0 0 0 0 0 0 4 0 0 0 0 0 0 11 7 840 16 0 0 0 0 1 0 1 0 0 0 0 0 0 3 0 0 0 14 38 0 0 0 1 0 12 0 2 0 0 0 1 1097 0 0 10 7 0 0 0 2 50 47 1 0 3 0 0 0 2 240 2 1 0 0 5 0 32 0 0 1 87 0
0 0 2 0 0 0 1 412 1 0 1 0 3 0 0 1 42 12 11 1 0 0 0 0 0 0 1 5 6 9 0 6 1 837 2 0 0 0 5 0 3 0 0 0 0 0 1 0 0 0 11 0 36 0 4 0 0 0 10 0 1 0 1 0 934 160 0 0 0 0 5 0 0 0 1 0 39 1 24 3 0 0 1 231 1 0 0 0 3 3 0 25 0 0 0 84
0 0 0 0 0 1 2 407 1 0 11 6 0 1 0 4 20 0 0 7 3 0 0 1 0 0 0 0 0 0 0 5 0 79 753 2 1 0 6 0 5 1 0 0 4 0 0 0 0 8 0 0 22 10 0 2 0 0 7 0 0 0 1 4 927 0 157 145 0 0 0 2 1 0 0 5 0 29 1 15 0 0 2 5 222 0 0 0 0 2 0 21 0 0 0 0
0 5 1 0 0 1 5 8 392 13 0 0 0 0 0 1 0 18 2 0 2 0 0 6 7 13 0 0 0 1 2 0 77 0 3 745 2 1 51 42 40 32 27 20 0 0 0 0 4 0 1 19 1 0 2 0 0 0 2 0 0 0 0 922 3 0 1 8 142 0 0 0 0 0 2 1 0 0 0 12 0 0 0 0 220 2 0 0 0 0 1 0 17 0 0 2
0 0 1 0 0 2 0 1 374 2 1 0 0 0 0 0 2 11 0 0 0 0 2 0 2 0 16 19 20 0 0 74 1 1 0 0 740 53 0 0 0 1 1 2 12 9 0 0 0 0 0 16 0 0 0 0 0 1 0 0 0 1 916 3 0 0 0 7 0 138 130 125 0 0 0 0 0 4 7 11 0 0 1 2 216 12 9 0 0 0 0 12 0 0 0 0
0 0 5 0 0 0 0 1 373 1 0 3 1 0 0 0 0 2 5 3 0 0 0 0 0 0 0 0 0 67 69 2 0 0 0 1 681 3 2 1 0 0 0 1 1 1 3 0 0 2 8 3 0 0 0 1 0 0 1 4 0 2 912 0 2 0 0 6 1 4 1 0 121 0 0 0 0 1 1 1 0 0 1 2 196 0 1 6 3 0 0 10 1 0 0 0
0 0 0 3 0 0 3 7 361 6 5 0 0 3 0 0 0 0 0 0 1 0 0 2 0 0 0 39 41 1 0 0 0 0 0 101 0 575 4 3 2 1 0 0 0 0 0 0 0 0 3 0 1 20 23 26 1 0 0 0 6 900 6 4 1 0 0 3 0 3 0 0 81 36 1 0 0 0 0 0 0 2 3 192 0 0 0 0 0 0 0 6 0 0 1 4
0 0 0 0 0 0 2 1 352 1 0 0 0 5 1 0 2 0 3 2 0 0 1 2 10 12 33 1 0 0 0 0 0 0 98 0 0 0 567 2 1 0 0 0 0 0 0 2 0 1 0 0 17 0 0 1 31 36 39 40 42 892 0 0 1 0 1 0 1 0 0 1 77 1 30 28 0 0 0 0 1 2 153 32 0 2 1 0 0 0 0 3 0 0 0 1
0 0 2 1 0 1 0 0 1 345 57 56 50 47 30 27 13 12 5 0 0 0 1 2 0 18 0 0 0 32 34 69 73 93 0 0 0 1 514 48 1 0 1 1 1 1 12 6 0 0 0 1 13 0 0 0 0 0 0 0 0 845 1 0 0 0 0 0 0 1 2 75 0 0 0 24 6 4 0 0 0 148 0 0 30 8 0 0 2 0 0 0 0 1 3 7
0 0 0 0 0 1 0 1 284 1 0 3 0 5 3 2 5 0 0 3 0 0 1 9 15 0 0 2 30 0 31 0 1 0 17 0 1 510 0 0 44 39 38 33 26 14 0 0 5 0 0 4 6 0 0 1 2 17 20 23 25 0 816 2 0 0 0 0 1 2 0 71 0 0 2 13 0 0 0 0 5 146 0 0 15 0 6 0 4 0 1 0 0 0 0 1
0 0 0 0 0 0 3 4 281 2 0 1 0 4 1 0 1 4 1 0 0 1 6 1 1 0 0 0 25 0 27 0 0 0 16 0 4 507 2 1 0 2 1 1 0 7 2 0 2 0 1 0 1 3 0 1 11 1 1 1 0 0 812 0 1 0 1 0 0 0 4 61 1 0 0 9 2 0 0 2 0 138 0 13 0 0 2 0 7 3 0 1 1 0 1 0
0 0 0 0 2 4 0 1 272 0 0 0 0 1 0 0 0 0 0 0 0 1 1 0 0 0 0 24 0 3 26 0 0 1 12 0 1 1 496 0 0 0 0 0 0 2 0 0 0 0 0 0 0 1 0 3 4 0 0 0 0 1 2 806 31 1 2 1 1 0 0 0 58 0 0 8 0 0 0 1 2 135 0 12 2 0 1 0 0 13 1 2 2 0 3 1
0 0 0 0 1 2 11 12 268 0 0 0 0 0 0 0 0 0 2 1 0 0 0 0 1 2 21 0 0 0 20 0 0 10 0 0 0 0 494 0 0 0 1 0 0 0 0 0 0 0 0 0 0 0 1 1 1 0 0 0 0 0 769 0 0 28 26 20 12 10 0 0 51 4 0 0 4 0 0 2 6 123 0 6 1 0 0 0 0 20 39 44 49 51 56 59
0 0 0 0 1 2 0 1 253 1 0 2 0 0 1 36 31 27 0 1 0 0 0 1 4 6 9 0 0 15 1 0 6 0 0 0 1 3 2 484 6 3 0 0 1 0 0 1 0 2 2 0 0 0 0 0 0 1 3 1 1 403 363 1 0 0 1 2 0 0 6 0 49 0 2 0 1 0 0 2 0 115 5 5 0 0 0 0 18 0 0 0 0 0 1 2
0 0 0 0 1 2 3 4 70 177 3 0 1 45 41 0 2 1 21 3 2 0 0 1 0 5 1 0 12 0 0 0 2 2 0 0 0 0 0 0 475 1 0 1 2 2 0 2 1 6 0 1 2 0 0 0 0 1 2 7 399 0 359 1 0 0 0 1 0 4 0 0 46 0 0 0 0 0 1 3 4 113 4 2 0 0 0 14 0 0 0 0 0 322 442 445
0 0 0 0 1 0 0 1 64 0 171 52 48 0 0 1 1 0 1 12 1 0 0 1 3 0 0 8 0 0 0 0 0 0 0 1 3 0 0 9 462 0 0 10 4 0 0 4 2 7 1 7 1 1 0 1 0 0 1 2 388 1 354 4 3 1 0 0 1 0 0 8 1 32 0 0 0 0 2 1 2 107 3 0 0 0 10 0 0 1 311 317 320 117 0 0
0 0 0 0 0 2 4 5 60 0 0 116 0 0 1 0 0 0 0 9 5 2 0 0 0 1 6 0 0 0 2 1 0 0 0 0 0 5 7 151 0 307 13 0 0 0 0 1 36 18 17 0 0 2 1 0 3 0 0 382 1 0 348 4 3 2 1 0 0 0 3 2 0 0 28 2 0 0 0 0 1 103 0 1 0 6 0 0 1 306 4 0 99 1 14 1
0 0 0 0 4 0 0 1 52 0 0 114 0 9 6 5 3 2 0 2 0 0 0 0 1 3 0 1 3 0 0 5 1 2 0 1 0 0 149 0 0 2 289 63 1 0 1 40 0 0 4 0 0 5 2 1 4 0 2 377 0 301 11 28 3 2 1 0 0 0 0 1 0 13 0 8 0 0 0 0 0 100 0 0 0 3 0 1 303 3 0 97 0 0 1 9
0 0 0 0 0 7 8 0 48 0 0 0 109 2 1 0 0 0 0 0 0 0 0 0 0 0 0 1 10 15 20 63 70 85 89 93 1 145 0 0 0 0 55 167 59 57 52 5 2 0 1 1 0 2 11 18 5 0 375 0 0 299 9 0 23 1 0 2 0 0 0 1 9 1 3 1 0 0 2 1 45 97 0 0 2 0 1 300 1 0 9 85 0 0 0 1
0 0 0 0 0 0 0 24 45 2 0 0 95 2 1 0 0 0 1 0 0 1 1 1 0 1 4 7 0 1 41 3 8 1 0 38 138 2 0 0 0 53 0 166 0 0 0 3 1 0 0 0 0 1 0 1 21 317 54 0 1 295 0 8 3 20 18 3 2 0 0 1 4 0 2 0 1 3 0 40 0 48 0 0 0 1 292 4 0 0 8 83 1 0 0 0
0 0 0 0 1 11 13 12 1 1 0 0 1 87 0 0 1 3 0 1 1 4 0 2 0 0 0 0 0 40 2 1 1 0 37 3 0 0 0 0 49 1 0 146 18 14 0 0 1 0 0 1 0 0 0 0 1 288 51 1 0 293 0 2 0 2 0 10 2 1 0 0 3 0 0 0 0 0 34 0 0 44 1 0 0 1 289 3 0 0 5 3 76 1 0 1
0 0 0 1 5 0 0 7 3 0 0 0 0 85 65 0 2 5 0 2 26 23 10 5 0 0 1 7 36 1 1 0 0 0 36 1 0 0 0 1 44 0 0 144 0 1 12 0 0 0 0 3 1 0 0 0 283 1 41 8 0 292 0 0 0 0 0 1 4 1 0 0 0 0 0 1 6 7 0 19 0 2 40 0 0 1 286 1 0 4 0 1 0 71 9 5
0 0 3 1 0 1 0 3 1 2 0 0 1 8 6 62 57 55 43 35 4 0 5 0 2 0 4 1 25 0 0 0 0 23 10 0 7 35 36 42 0 0 1 139 0 0 1 8 1 0 0 1 9 0 0 1 281 0 24 15 7 0 289 0 0 0 0 0 0 0 0 0 0 0 1 3 0 3 17 0 0 1 36 0 0 1 4 276 0 0 2 0 0 1 57 0
0 0 0 0 0 0 0 0 0 0 0 0 6 0 5 0 0 4 0 1 2 2 0 3 1 1 0 0 24 0 2 3 5 15 9 6 24 0 3 0 0 51 123 0 13 0 0 2 1 0 0 0 1 47 49 277 0 1 21 0 13 6 0 286 235 1 0 0 0 6 4 2 0 0 0 0 1 9 1 0 0 0 32 0 0 2 0 44 229 0 0 0 0 0 55 2
0 0 0 0 0 0 0 0 0 0 0 0 2 0 2 1 0 1 0 0 0 0 1 2 0 0 0 11 11 0 0 2 14 0 7 5 23 1 0 0 49 0 68 0 0 10 0 0 0 0 1 3 32 0 0 224 0 0 19 0 12 0 4 48 0 230 228 43 7 1 0 0 1 0 0 1 7 0 0 0 3 27 1 1 0 0 43 0 227 0 0 0 0 0 50 0
0 0 3 0 2 0 1 2 0 3 0 0 0 0 0 0 0 0 0 0 0 0 0 0 0 0 9 6 2 0 0 0 9 6 0 3 22 0 0 1 47 2 0 63 0 0 7 1 0 0 0 1 27 0 222 0 0 4 1 11 0 10 3 46 0 0 180 0 33 0 1 2 6 4 0 0 2 0 0 1 13 8 0 0 0 1 41 0 3 220 4 0 0 7 1 37
0 0 1 0 0 7 3 0 6 0 0 1 1 0 0 0 0 0 1 7 4 2 1 0 0 3 3 5 1 0 1 5 2 5 2 19 0 0 0 1 42 1 0 56 3 0 2 1 0 1 3 11 12 0 220 0 0 1 0 8 1 4 4 2 45 0 0 178 0 29 21 15 0 0 2 0 1 0 1 12 0 5 0 0 1 36 1 0 0 213 0 0 3 0 0 1
0 0 1 0 0 2 17 7 0 0 0 9 2 1 0 0 2 2 12 1 0 0 0 0 0 0 2 4 0 0 2 1 4 1 16 1 0 1 6 40 0 0 41 13 0 0 1 0 0 1 6 10 0 0 212 3 0 0 1 5 0 3 3 1 41 1 0 1 173 1 2 1 6 0 0 0 0 0 3 5 2 1 0 1 32 0 0 0 12 0 198 0 1 0 0 0
0 0 0 0 0 0 0 32 0 1 0 14 3 2 0 0 0 21 0 0 8 6 3 1 0 0 0 2 0 0 0 3 0 8 6 0 1 3 23 7 0 14 25 9 2 1 0 0 0 3 1 9 0 14 191 4 1 0 0 1 2 2 2 0 8 31 0 0 172 88 0 1 0 3 1 0 0 0 0 4 1 0 2 26 1 0 0 9 0 0 194 1 0 0 0 5
0 0 0 0 0 1 3 1 40 0 17 0 1 0 0 1 0 22 0 12 1 0 0 0 0 0 0 0 0 0 2 1 6 0 5 0 0 2 19 6 3 9 24 0 7 3 0 0 1 0 5 0 12 0 170 18 3 2 1 0 1 1 1 0 5 0 30 0 56 25 87 0 0 13 10 9 7 3 0 3 0 1 9 22 0 0 4 2 0 1 0 189 0 0 1 1
0 0 0 1 0 0 0 1 1 63 0 2 1 0 0 3 0 43 16 2 1 0 1 0 2 1 0 0 0 0 0 1 1 1 2 0 1 10 7 5 2 8 3 19 0 1 1 0 3 4 0 10 0 0 164 3 17 1 0 0 0 0 0 4 0 25 0 1 55 24 0 84 15 0 1 0 0 1 1 2 0 8 0 9 0 0 1 1 0 8 9 177 2 0 0 0
0 0 0 2 1 0 0 0 0 67 0 6 0 0 0 5 0 48 2 1 0 0 18 15 7 4 2 0 0 1 0 0 0 0 0 0 3 5 6 4 1 7 2 10 7 0 0 0 0 3 8 0 13 36 125 0 2 14 13 0 0 0 0 2 0 20 1 0 0 53 23 0 67 3 2 1 0 0 0 1 6 0 1 4 1 0 0 0 6 1 3 173 2 1 0 0
0 0 0 0 8 0 0 0 1 0 77 0 0 1 7 0 0 52 1 0 0 25 0 0 2 1 0 0 1 0 2 0 0 0 0 1 1 2 5 3 0 6 1 6 2 6 0 0 2 3 0 11 9 11 0 123 0 1 0 11 2 0 0 0 13 5 0 0 51 0 8 12 0 61 17 6 5 1 0 0 5 0 0 2 0 0 2 4 0 0 0 160 4 2 0 0
0 0 0 0 10 1 0 0 1 2 83 3 0 2 10 0 0 55 0 0 28 0 3 1 0 0 0 0 3 1 3 1 1 1 0 0 0 0 4 2 2 2 0 5 1 3 0 0 2 0 9 0 7 10 1 59 59 1 0 0 5 2 0 0 11 3 0 0 48 0 2 4 11 41 0 9 7 2 1 0 1 2 0 0 0 0 0 0 1 3 4 152 0 0 0 0
0 0 0 0 1 15 0 0 0 1 0 92 0 16 1 0 0 97 40 37 4 3 1 0 0 1 1 1 7 0 0 6 2 2 1 0 0 0 2 1 1 1 1 2 0 1 0 1 0 5 1 6 7 1 0 58 0 55 0 0 0 0 0 0 9 0 1 0 11 33 1 3 0 9 40 0 0 6 2 1 0 1 0 2 3 5 6 7 0 0 77 71 1 0 1 0
0 0 0 0 1 20 0 1 0 0 2 0 113 0 0 0 102 1 0 0 2 0 0 0 0 3 2 10 0 0 0 8 3 5 4 2 0 0 0 0 0 0 0 0 0 0 0 0 3 0 4 0 6 0 8 17 39 49 3 1 0 0 0 0 5 1 0 10 2 29 0 0 1 8 1 36 0 0 1 0 0 0 0 1 3 4 0 0 41 74 0 20 49 9 2 0
0 0 0 0 2 3 26 3 0 0 0 0 115 1 0 0 124 20 1 0 0 0 1 0 0 5 3 12 1 0 0 10 4 12 0 0 0 0 0 0 0 0 0 0 0 0 0 0 0 2 0 4 0 7 0 6 38 0 47 12 0 4 0 0 3 0 0 9 1 0 27 0 0 7 0 16 17 15 2 1 0 0 0 0 0 1 7 31 30 0 0 18 38 2 0 0
0 0 0 0 0 6 8 41 1 1 0 0 1 251 130 127 0 2 14 2 0 0 2 1 0 7 4 13 2 1 1 0 29 0 1 1 0 0 2 1 2 0 1 1 2 1 0 0 0 0 0 2 0 5 1 3 30 6 0 32 10 0 0 0 0 0 1 5 0 12 10 1 0 5 0 0 14 0 11 3 2 0 0 0 1 2 20 0 29 0 16 0 24 12 1 0
0 0 0 0 4 0 1 2 47 0 0 0 1 256 1 0 0 1 1 8 4 0 5 0 1 8 5 14 3 2 3 0 31 5 2 0 1 4 0 2 5 0 2 5 2 1 1 0 0 0 0 0 1 2 0 2 27 1 5 0 30 3 2 1 0 0 1 2 0 10 0 8 0 1 2 0 12 0 3 2 0 0 0 2 0 15 0 0 25 0 15 0 22 0 11 2
0 0 0 1 0 0 0 1 54 0 1 0 1 261 1 0 0 0 0 2 0 0 1 7 0 11 6 15 4 3 5 0 38 0 0 3 0 6 0 9 0 0 0 12 2 2 0 1 1 1 0 0 0 1 1 0 25 0 1 2 0 28 8 7 3 0 0 1 0 7 0 6 0 0 1 2 6 0 0 1 0 0 2 6 12 0 0 23 0 0 14 0 18 0 1 5
0 0 0 0 0 2 4 6 63 3 0 0 0 263 1 0 1 1 0 0 0 0 0 6 16 12 7 0 21 4 7 0 39 2 0 4 8 0 0 12 0 1 14 0 8 1 3 0 2 2 1 2 0 0 0 0 24 2 0 0 0 4 13 0 2 1 0 0 1 3 0 1 2 0 0 1 1 3 0 0 0 1 2 0 0 0 17 1 1 0 12 0 15 1 0 2
0 0 0 0 0 0 0 0 0 69 1 0 0 1 269 2 3 0 0 1 0 0 2 1 3 30 8 0 28 8 1 40 0 4 0 5 10 0 1 13 1 2 17 0 15 5 0 0 31 20 15 2 1 0 0 1 16 0 1 0 0 2 2 8 0 1 0 0 0 0 0 0 0 0 0 0 0 0 0 0 0 0 1 3 5 10 4 0 0 0 9 0 11 0 0 1
0 0 0 0 1 0 0 1 0 5 80 0 0 1 280 5 0 0 5 1 0 0 0 0 0 36 37 10 29 12 0 41 9 2 0 17 0 1 16 2 0 22 0 16 0 0 0 35 1 3 1 8 7 3 0 0 2 11 3 2 0 1 1 1 4 1 0 0 0 0 0 0 0 1 2 0 0 0 0 2 0 0 0 0 0 2 1 1 0 2 5 0 5 3 0 0
0 0 0 0 4 8 10 0 3 0 108 1 0 0 284 1 0 7 2 1 0 0 0 1 2 3 0 38 54 0 0 52 0 0 0 18 1 20 0 30 25 1 0 17 47 45 43 3 2 0 2 0 0 1 1 0 0 0 5 0 0 0 0 0 0 0 0 0 2 0 2 1 1 6 0 0 0 2 1 3 1 1 0 0 0 0 0 0 0 3 0 0 3 0 0 0
0 0 0 1 0 0 4 21 22 25 0 112 0 0 286 0 12 3 0 3 2 0 0 0 0 1 46 0 119 63 55 1 0 1 1 19 24 0 31 0 0 0 0 77 9 1 0 1 0 1 0 1 0 0 0 0 0 0 0 2 1 0 0 0 0 0 0 1 4 0 4 0 11 0 0 1 1 3 6 0 2 3 0 1 0 0 0 0 0 0 0 0 0 0 0 0
0 0 0 0 0 2 0 3 0 0 0 6 114 0 0 310 8 7 5 0 0 0 0 2 4 0 48 123 0 1 2 0 2 2 22 25 0 32 89 87 86 84 82 0 0 6 3 1 0 0 1 0 0 0 0 0 2 1 0 0 0 0 0 3 1 2 0 0 3 9 6 0 14 0 0 6 0 11 0 0 9 0 0 4 0 2 0 1 0 0 0 0 0 0 1 0
0 0 0 0 0 0 1 0 0 3 4 0 127 1 1 313 1 0 0 1 0 2 0 0 1 7 182 0 0 0 1 0 1 8 23 27 33 90 0 0 0 0 0 0 0 0 0 0 0 3 0 0 1 1 1 0 4 6 2 0 0 2 0 0 10 0 1 0 0 0 10 19 16 1 0 7 12 0 1 0 0 11 0 7 0 3 3 0 1 3 0 2 0 0 2 6
0 0 0 1 0 0 0 0 0 0 0 3 0 130 449 1 0 0 12 7 4 0 0 1 2 6 184 0 0 0 0 0 1 2 33 28 126 0 1 2 1 0 0 1 0 0 0 0 7 5 0 0 3 2 2 1 12 0 0 0 1 3 0 1 0 12 2 1 1 1 0 0 39 1 0 8 13 3 0 1 0 13 0 10 4 0 5 0 6 0 0 3 1 0 0 1
0 0 0 0 3 1 1 1 0 0 0 0 0 0 1 469 16 14 0 0 0 0 0 1 2 0 195 1 0 2 0 0 1 2 69 128 0 0 5 2 1 1 2 1 0 2 1 8 0 0 2 0 0 5 6 15 1 2 0 1 2 4 0 1 5 16 0 0 4 2 1 0 43 0 0 24 0 9 3 0 0 2 15 11 6 0 7 0 9 0 5 0 3 0 0 0
0 0 1 0 0 6 0 4 3 0 0 1 0 0 1 474 3 2 1 0 1 0 0 0 1 3 201 0 5 0 0 0 1 2 202 1 0 1 6 6 0 10 4 1 3 0 11 0 1 1 4 1 0 0 7 33 8 4 3 0 0 8 1 0 0 24 0 0 6 0 6 0 44 1 0 26 13 1 0 0 0 0 19 0 21 0 8 12 0 0 6 11 9 2 0 0
0 0 0 1 8 0 0 10 0 0 0 0 4 0 0 476 5 0 0 0 3 1 0 0 0 0 206 10 3 2 0 0 0 1 208 0 0 59 56 32 28 0 0 0 5 0 13 0 2 7 2 0 0 0 0 43 0 0 1 0 0 2 14 0 2 26 0 1 0 7 9 0 0 47 0 43 0 0 0 1 1 0 22 23 0 0 24 1 0 1 21 1 0 0 0 0
0 0 0 0 4 17 19 11 2 0 1 0 1 8 10 483 0 3 1 0 7 0 3 0 0 2 0 219 0 0 0 0 2 0 278 68 66 0 7 0 2 15 0 7 0 15 0 4 8 0 3 1 1 1 0 48 1 2 0 0 0 0 0 17 21 27 1 2 0 1 18 2 0 95 46 0 0 1 1 2 2 0 0 48 0 26 0 0 0 26 1 0 0 0 1 1
0 0 0 0 1 10 13 37 53 1 2 0 0 0 2 499 0 5 0 0 16 6 1 0 0 0 1 226 2 0 0 1 0 294 10 0 3 0 2 3 1 3 8 0 17 0 1 14 0 1 4 4 0 2 50 0 0 4 1 0 0 2 0 0 0 23 30 3 1 0 24 0 97 0 0 0 4 0 5 0 0 4 0 50 1 28 1 0 1 27 0 0 1 1 2 5
0 0 0 0 6 2 1 2 0 57 64 0 0 0 0 501 1 7 0 20 1 0 0 0 0 0 1 231 1 0 0 1 300 1 4 3 0 1 1 2 0 2 0 0 20 0 2 15 1 2 10 1 0 0 55 0 6 0 3 0 1 3 2 0 0 1 57 0 6 1 25 1 98 1 1 6 0 0 6 1 0 6 0 52 31 2 0 1 31 0 2 0 2 15 9 2
0 0 0 0 4 1 0 1 1 1 2 70 0 0 0 505 0 9 0 23 1 0 2 0 0 1 0 235 1 0 0 306 0 0 2 0 2 0 0 1 1 0 1 3 28 0 3 16 5 0 13 1 0 1 57 7 0 1 4 3 0 4 5 0 0 0 1 68 0 0 28 101 0 2 2 9 0 0 8 2 1 7 0 86 0 5 0 35 0 0 3 1 23 3 2 1
