DownloadStableBinariesAndSampleData/SampleWC/Data/WiHydroDEM.asc
ncols         183
nrows         156
xllcorner     336778.1875
yllcorner     276369.9609375
cellsize      200
NODATA_value  -9999
[rows 56 to 83 of 156, columns 0 to 62 of 183]
-9999 134.6127 100.4098 78.5187 115.9318 168.6458 142.865 157.5179 173.4095 241.4042 250.1197 183.6887 150.37 173.041 194.6755 157.4372 136.7432 112.8849 106.5465 103.8467 123.2487 117.0738 111.8272 99.3104 95.3803 95.7827 95.7165 98.0096 98.9759 98.8355 115.113 177.3311 222.0228 251.2762 275.7224 339.3095 292.9764 266.5036 279.1322 265.5306 227.3504 208.3179 320.2475 379.4303 390.5089 314.8806 261.7072 244.848 244.848 286.0608 268.3522 194.2034 174.0721 261.0893 322.753 270.2675 246.8958 191.3333 135.5807 160.178 197.699 265.718 273.9198
-9999 181.1898 156.2772 98.5744 92.8714 122.7893 169.9844 217.0637 235.1087 285.5527 286.693 206.4762 176.2218 217.7425 195.6206 177.3208 143.5791 143.8391 115.7188 120.0233 157.1479 151.0323 134.0478 119.9165 106.2502 110.7397 100.4364 95.7165 95.7165 95.7165 95.7165 106.385 127.6871 176.6072 193.0677 251.0189 280.5975 203.179 248.1973 200.7025 171.5589 252.2442 305.0567 371.9266 366.1609 333.5913 334.0555 295.1113 251.0437 199.4552 197.8813 180.3766 200.2915 240.6841 281.6421 281.7973 267.8612 228.9278 165.1835 135.5807 142.0084 180.9037 264.0484
-9999 177.0829 154.8308 106.64 117.8461 192.727 225.399 236.6755 247.9237 270.4512 280.8322 218.9705 203.861 250.0229 234.9538 178.4693 162.7685 129.5007 115.7188 152.5245 194.1956 180.5938 173.4352 165.4536 116.381 148.6469 122.4445 100 100.3177 99.9994 100.7259 100.0591 100.0591 104.3597 140.9172 207.6962 254.322 224.952 158.2193 150.5506 213.937 245.0504 338.8929 316.4391 351.2863 404.883 400.8749 363.6486 289.9007 275.6089 224.7173 182.367 233.4149 280.4894 312.7595 296.7881 253.388 250.8005 215.1036 186.9892 151.7842 145.6878 205.0103
-9999 237.677 164.0112 119.4855 121.6325 184.3566 224.4202 282.2673 227.0405 197.6647 232.5248 187.6415 257.9342 308.8971 219.0299 226.2925 176.9974 128.0251 158.8824 150.0792 188.4889 227.7741 221.1239 180.1297 156.491 203.1224 145.9903 122.4062 149.2697 143.5371 102.2625 102.5293 103.0814 100.1497 107.074 141.0156 229.8202 195.6857 134.9572 157.4392 223.4751 277.8902 319.2529 283.5509 354.7253 417.7434 389.4145 352.1604 287.3643 274.1499 195.1954 219.9191 283.4465 321.4994 327.1145 251.5481 224.7233 228.5349 216.6116 171.6564 154.4001 145.6878 148.9196
-9999 277.9026 210.6038 143.3501 124.6119 179.0099 205.9508 237.2178 223.9396 170.4017 141.563 180.3458 232.0838 295.153 234.331 182.707 133.6415 164.2248 166.5917 204.9074 202.3636 284.2808 214.1333 175.5088 203.8867 164.1261 122.4062 163.8894 203.0161 176.7319 118.0432 120.1182 102.1037 100.5155 104.0998 126.7483 174.6997 123.9453 148.6956 170.102 237.2808 287.3334 308.5565 250.746 297.9099 348.6265 383.4191 308.1445 246.6844 241.1113 204.7002 230.2569 318.4083 370 319.3834 286.7111 269.8908 224.3127 172.5928 183.5626 222.4794 164.9159 152.1482
-9999 169.5401 231.3208 193.2178 182.7576 179.5188 225.7423 226.9067 218.5247 166.8639 116.3766 169.7525 254.5352 220.1956 201.1092 144.3478 163.8369 236.5827 240.0392 201.152 261.4255 264.2015 209.3993 224.4429 229.394 159.8055 146.048 181.7696 247.7273 212.9287 179.176 192.554 105.5015 101.4986 103.13 129.0459 115.7806 137.8647 175.793 195.1177 254.8915 318.9845 280.7098 243.821 258.6536 289.4113 368.4351 381.6741 306.0782 250.7672 227.33 204.7002 260.0829 307.1062 334.4183 262.7381 217.1905 214.3166 172.5928 241.7372 223.6464 182.9176 154.3548
-9999 104.5925 119.8689 168.8515 192.085 204.9596 230.4368 199.6261 173.4898 129.8811 109.4597 171.2076 214.8173 189.5717 161.4047 159.0872 209.7801 199.5762 283.0327 228.0411 310.6339 283.436 285.9905 275.9328 219.3909 146.048 163.5501 216.3187 258.3408 210.6608 209.9714 166.019 102.2996 104.7469 102.955 106.46 134.8877 171.0967 181.3139 262.1006 249.8411 276.7109 258.2708 225.6973 208.1406 284.7574 335.5704 416.6752 344.7871 335.8362 264.9058 244.7376 229.6941 256.5619 302.2862 280.5661 242.2347 228.6324 183.4374 272.678 223.2387 186.8524 155.5504
-9999 74.9825 74.2471 94.4536 116.2339 131.3655 180.6143 172.3523 121.3604 96.1597 124.0168 189.2607 210.1364 230.3556 222.3823 175.1245 235.9349 266.6559 288.7327 268.7106 321.874 326.5514 257.5253 218.4299 153.2723 146.048 174.343 234.7799 268.2247 233.5997 163.9103 104.2526 102.2996 103.4545 104.4718 103.9965 133.7575 136.0698 170.8557 192.0105 205.5901 251.0036 225.1889 206.0702 182.7518 298.918 338.1082 427.329 391.729 326.1907 265.8309 297.8881 301.1748 273.884 277.0239 320.1699 289.768 219.0897 184.1707 256.9221 229.0075 198.1983 158.8314
-9999 67.0204 70 70.1996 74.8582 90.9245 139.7681 132.901 90.9662 105.4538 157.2537 184.7817 246.1207 282.7924 283.6829 205.6228 262.9021 353.0329 321.031 344.0291 388.4734 324.594 263.4046 201.3805 173.4144 175.5801 216.0741 232.6334 212.3104 183.1438 123.7882 103.2144 103.4131 104.2798 103.4545 104.1495 105 122.0003 150.0012 182.8497 157.5827 201.2151 191.0937 178.2964 205.7584 286.6643 340.6954 388.7879 332.3104 353.1926 307.6484 337.5439 364.4078 324.5067 281.9665 338.2505 281.6361 238.3908 194.9219 273.481 236.4757 192.0345 170.7998
-9999 104.8343 112.6538 96.8258 87.1053 78.9814 80 80.2707 85.2713 120.588 148.1782 200.6904 318.5537 346.2656 289.1378 264.2331 268.3374 311.2047 377.8769 381.9199 349.7697 302.1806 280.8585 211.6399 180.0435 233.9318 208.7075 178.7199 157.7819 130.356 109.1835 104.5053 105.4259 135.9486 103.4545 104.1538 105 106.1634 154.9552 133.4318 189.4983 176.7576 142.6561 143.8359 232.7937 323.5183 326.0002 323.509 286.83 290.2446 327.0916 357.5186 369.5448 364.8047 317.5509 344.0785 283.5118 230.5458 207.4138 256.178 274.0826 241.9505 201.9827
-9999 138.2656 126.4361 108.8115 152.346 138.8213 120.7072 101.0372 85.0152 108.1085 144.9387 203.1629 254.3475 316.0742 365.5841 276.8814 312.9603 347.2426 332.4488 357.9751 274.5526 315.7625 263.9302 205.1781 237.7295 186.2577 149.1618 141.7083 108.6276 105.9104 105.9104 113.1384 110.3681 146.0928 135.0994 106.3299 104.9562 104.9562 107.1007 128.8746 156.3318 120.3186 161.231 199.8982 204.6954 265.0174 246.8349 284.3799 251.7202 250.5219 264.1091 312.8922 312.2815 296.9262 344.6234 357.7592 293.1236 261.6003 222.1818 242.4881 281.5312 254.2197 210.7015
-9999 146.8907 168.5026 183.2741 188.5643 172.7169 149.0045 134.063 112.1691 94.9965 122.1694 176.5722 257.1455 255.8934 298.5996 317.4463 347.9739 354.1828 279.1403 284.7209 261.3951 240.1907 287.2443 258.2567 267.0729 223.7147 177.9221 110.2787 106.9951 108.5326 109.8002 153.1638 148.468 173.9109 170.6719 165.7454 121.0953 105.447 106.2506 107.6203 110.9008 128.3052 161.0732 193.548 240.5802 203.9092 214.3707 251.6007 223.1084 192.2453 218.0035 246.598 270.1191 240.4786 321.3748 336.3482 309.4119 266.7181 269.5654 238.2495 292.8235 259.3743 220.0687
-9999 168.231 107.7829 150.4001 145.3628 162.1773 186.1139 169.18 144.0524 114.6308 115.7748 120.0942 173.1792 233.6685 257.3193 224.0594 277.2735 302.2411 265.1927 207.3461 195.1093 235.9013 260.4638 204.1839 214.0478 180.2549 116.0983 111.2624 109.1234 110.3093 126.5778 168.9345 183.7546 153.0071 196.4526 233.5731 149.9381 139.6759 108.3141 107.1395 109.6903 109.4482 110.5496 141.5929 178.8004 192.316 162.4073 174.0306 193.0773 170.4563 183.871 178.1692 186.7896 209.9336 258.9153 337.5449 310.8654 296.8788 272.9763 289.5881 281.247 269.9814 231.2519
-9999 124.7909 99.4627 85.6795 99.3659 127.1624 162.7117 229.5038 220.3716 157.829 151.9997 185.3 170.1706 204.8075 198.6444 194.1278 207.2332 205.9628 192.1837 198.6767 183.1079 245.4684 242.9187 175.1349 138.738 121.7647 111.9389 111.5296 110.1234 113.0668 117.953 167.7442 206.5174 222.5079 234.9553 267.1222 216.2749 221.968 164.987 110.366 109.4482 109.9924 109.9341 115.1171 149.767 133.0629 133.0629 133.0629 138.627 152.525 178.1692 245.2648 245.1655 277.4557 329.5067 292.5341 282.7261 271.2666 221.7886 255.8687 303.709 259.0255 246.8528
-9999 94.008 76.618 116.4562 147.2497 166.6909 201.873 264.2621 188.6707 130.7075 138.1819 175.43 233.861 218.5704 190.5972 169.4759 169.4759 157.3793 186.5821 189.623 179.1144 234.6567 246.3271 204.3666 170.2625 120.6847 114.5577 110.2888 112.3979 127.6307 159.0829 137.388 141.8708 210.2546 224.4067 283.3149 273.0215 251.193 182.5676 158.5975 123.6253 109.623 110 115 118.7884 138.6723 158.091 180.7347 201.9436 232.5326 217.1456 260.1031 271.3053 296.798 304.7128 277.026 256.5804 214.5142 225.4778 203.0784 261.6468 253.2426 232.8935
-9999 81.5103 73.3006 84.1334 98.2017 113.7142 152.7127 247.0444 170.3777 138.2191 105.1199 144.7433 201.9623 248.6598 218.3468 210.4664 204.8719 191.9141 149.9091 175.8975 153.6929 161.7246 219.1095 255.5321 232.4309 122.9767 114.3041 114.2376 114.4794 125.8874 174.4302 216.2762 168.8471 167.0982 262.2364 289.1248 328.2147 298.4256 255.0873 206.287 145.4188 159.3044 110.0055 115.778 132.2981 180.6669 200.2118 238.8177 249.7133 265.273 265.6574 245.5504 230.1771 225.4478 271.0125 235.3895 253.3838 192.0135 215.759 194.785 242.2442 231.8983 234.9385
-9999 73.3006 80.2152 92.2785 116.1207 137.7339 182.9031 248.0708 185.1157 135.6404 90.2102 141.2795 156.3356 231.0493 252.5715 232.0594 245.6694 213.4321 149.9091 179.6922 189.8216 153.6929 178.5292 202.1107 162.5745 119.279 114.8787 114.8444 132.5307 163.9029 178.5005 190.223 222.5429 167.0982 199.9953 231.077 306.4245 277.0686 205.673 172.2308 204.8963 146.0368 110.3227 112.2854 121.2524 197.2227 226.115 245.9534 277.2521 283.635 297.5718 230.5457 217.4373 203.4752 244.4256 202.0087 223.9831 221.9143 169.5265 212.1165 217.8292 189.5229 226.9034
-9999 68.1881 78.9692 107.9993 140.651 123.8636 133.4708 219.3791 160.9772 128.448 84.6205 106.5006 152.6901 174.4194 215.5627 219.8128 201.5306 222.575 165.8934 145.7277 204.0525 140.8934 193.6234 151.8302 128.4449 118.9743 115.0068 114.9952 142.8175 172.158 210.098 194.0913 254.356 195.2308 179.3746 243.3036 315.9785 312.4272 267.6011 240.0975 195.3068 126.9336 143.8991 112.9185 114.6648 164.8067 172.0182 197.9218 239.011 308.5036 295.2143 219.1833 168.8263 232.7592 249.467 191.0851 172.8281 205.8299 172.2438 165.7467 189.5229 189.5229 203.0964
-9999 63.1127 72.0421 88.2411 100.9942 85.3101 139.1563 213.2025 155.4618 120.5574 80 109.2642 134.4593 184.8739 226.8706 212.2265 179.9059 188.4302 182.9645 140.3861 145.3602 132.0762 142.1806 154.5949 123.7057 119.6109 117.676 115.0524 124.1419 177.3253 255.2069 266.981 267.8994 225.7916 191.5251 253.5132 292.1948 337.5692 296.2022 218.9275 156.2742 188.4866 153.9374 114.9349 115 120.5034 204.2433 236.509 249.6862 302.4183 298.1437 234.4333 160.3539 232.957 281.5363 225.645 161.0145 151.5927 164.1955 226.8396 246.6967 227.4866 205.5155
-9999 64.7206 64.9621 64.9723 66.7695 71.3984 92.0278 110.3869 120.5073 98.8654 75.9511 104.5456 162.9763 123.3465 171.5186 244.327 184.0829 170.4693 153.1311 166.8669 139.8107 129.6608 160.7997 171.4397 121.2937 120.3311 119.7338 116.4908 124.0173 196.1268 246.7028 302.8522 309.2829 319.0853 242.3741 210.9877 253.1441 297.5472 267.096 187.2484 159.1189 243.7968 168.4961 114.9349 115.2551 117.3259 180.0188 240.5824 248.2413 254.7333 245.3536 223.0269 155.3475 248.3392 229.1265 234.8508 151.5927 189.8517 226.2591 212.3294 214.8755 256.8662 239.1978
-9999 96.8336 76.9201 72.7618 69.6051 67.1179 67.1179 68.7429 73.4553 84.4878 75.0046 108.2975 134.9778 93.568 133.0418 227.4703 220.7423 200.5851 195.216 216.5072 179.5282 135.7944 126.0503 123.9438 123.5828 122.4377 120 120 123.2083 159.8041 215.1436 229.8245 257.2912 307.6456 249.7191 245.8217 281.5691 278.6177 280.0582 224.3292 222.6582 274.6656 166.6736 115.1257 115.4056 115.5042 148.8605 184.7333 205.6462 201.3423 195.5864 188.9111 145.989 225.4351 191.6464 151.5927 165.0172 242.187 281.8118 284.0997 267.6808 247.1842 222.6655
-9999 120.3116 104.4275 105.6357 89.5217 74.7314 80.7866 73.8232 71.7564 71.7564 72.2087 81.6739 87.1886 93.9853 136.5917 199.0067 187.4711 225.7442 226.3902 223.1146 182.5014 140.1374 140.4274 133.0365 124.9108 123.4386 120.3873 122.3658 126.5548 134.908 150.8133 187.6414 204.0185 253.1087 305.981 239.4802 321.0261 330.993 283.9611 236.9231 268.7868 288.4919 209.6293 116.601 118.4102 117.3104 121.583 128.4282 153.7667 145.6135 138.2357 139.9976 132.8542 162.4408 169.0609 137.7946 221.7565 227.4785 284.6106 246.5037 217.0092 222.6655 260.1985
-9999 133.4194 128.0633 156.4701 115.4862 84.604 134.8362 88.4185 88.6009 86.9115 89.0558 75.749 79.709 101.7198 145.9062 144.1667 144.908 177.332 163.5029 194.0324 155.4894 152.0321 178.1398 143.0863 126.3077 124.9429 124.8068 123.7072 143.9643 174.9826 155.5676 150.8133 160.4295 183.1799 225.2281 273.2131 297.7283 298.3846 315.9432 271.0872 264.8116 243.4613 191.1793 138.2155 120.5097 119.7874 119.9873 120.3576 120.9569 122.4225 122.5178 124.6235 125.117 129.7606 131.7418 167.9613 179.8636 239.7836 218.5939 178.4914 230.7668 268.0169 291.284
-9999 125.9191 162.8537 169.3888 133.25 88.1089 148.1457 95.3045 103.8874 145.683 136.402 112.2716 90.0591 81.2453 89.9225 95.4542 121.9855 140.9673 140.5329 187.6309 207.1134 206.6992 212.8474 206.7659 139.3771 126.0408 125.5624 124.9193 153.1512 182.4172 209.8074 181.6267 202.3403 195.6636 183.9061 209.6288 260.0889 264.3745 269.6313 240.9706 204.3009 213.0379 162.7368 130.522 139.3322 125.1546 126.6255 126.2568 121.9661 120.9569 121.7394 124.9218 125.1719 126.0304 131.1219 141.8026 166.928 198.6333 162.4358 222.9662 274.3286 254.692 228.3382
-9999 160.2411 244.0664 169.7514 129.9487 122.1753 160.1152 133.8815 95.3045 173.6034 207.7251 149.9139 145.9289 97.0644 84.8925 88.2913 128.1255 105.5892 162.3233 233.0018 211.9764 179.9588 189.4035 215.3404 159.2225 127.4707 127.4547 127.1125 158.2021 226.8094 232.2814 247.4794 220.1112 236.9678 258.5092 222.0412 234.2887 222.6108 213.8776 208.9292 206.1696 176.7618 141.335 135.0647 193.9118 136.2662 164.982 170.7986 194.4094 180.9196 124.9816 127.994 131.6366 126.5718 130.0174 133.8189 147.3249 147.6869 211.0322 226.597 201.4557 179.9143 161.5117
-9999 177.4364 261.9095 191.2727 188.4018 172.6208 198.396 142.4952 154.1552 170.5527 227.2777 210.3013 176.1406 118.8498 141.3113 119.4684 104.7973 164.1395 179.3615 232.8023 207.6632 160.139 167.9135 164.682 136.8718 129.6337 128.9446 129.109 144.6853 202.4552 264.9389 272.036 298.5691 261.6328 305.492 304.9855 266.9332 244.4498 202.0807 178.6138 165.3746 152.3268 143.5947 194.0046 161.0114 157.6145 203.6073 214.878 214.8725 168.2845 129.8761 138.4056 182.6563 210.9382 130.1081 130.7421 134.6352 161.7461 161.5117 161.5117 161.5117 161.5117 161.5117
-9999 149.9278 186.9846 187.3336 186.5203 151.1063 142.3582 174.5446 202.781 190.7607 187.7691 239.5246 202.4655 146.9641 186.2493 157.0493 159.5254 141.1524 190.4919 202.5151 239.4263 176.5165 156.3591 143.8183 150.1965 129.4557 129.817 132.6003 153.7766 205.487 268.9493 344.8814 327.5967 300.4982 375.2632 353.216 281.3116 301.4699 227.4246 188.4051 191.9905 174.2554 176.8866 217.8393 208.2594 195.1442 208.37 214.3255 172.8548 137.3497 129.9856 154.952 220.344 244.8319 130.1081 130.1081 130.7148 135.5499 178.3245 170.8821 195.5269 236.2067 203.8084
-9999 78.578 87.7326 128.522 124.5901 127.9905 122.5451 141.3522 176.7339 167.4118 155.3535 204.1921 225.2526 163.9009 139.403 130.7072 138.0722 146.5448 156.3622 184.4539 202.1982 194.8909 152.438 210.4508 200.2874 130.6321 130.0696 134.7004 156.2535 196.1394 279.0755 361.7712 443.1221 378.0439 427.9066 423.9133 326.7331 301.5668 294.9399 230.888 242.4205 218.2634 182.0502 213.827 203.6827 192.8374 163.1739 192.9265 146.0589 138.1571 135 148.5591 171.0343 239.356 142.805 130.1081 130.7276 132.8519 149.8079 162.3802 187.2692 213.6167 246.8307
