DownloadStableBinariesAndSampleData/SampleWC/Data/WiHydroDEM.asc
ncols         183
nrows         156
xllcorner     336778.1875
yllcorner     276369.9609375
cellsize      200
NODATA_value  -9999
[rows 28 to 55 of 156, columns 63 to 125 of 183]
130.2886 130.2886 162.2848 135.8746 115.8603 125.284 133.7878 120.999 148.5195 156.3463 150.1852 131.7213 173.5777 179.4551 204.9931 215.8332 223.2396 190.2512 218.1104 248.8397 186.7422 173.4426 145.333 132.7337 167.1115 181.2851 177.8776 167.4673 137.133 149.094 158.2219 167.0586 180.5805 199.6315 179.7047 149.0779 175.9157 220.3463 229.7145 270.6862 255.5675 240.4379 257.8353 289.9026 264.9712 227.7647 259.5744 287.6836 328.3336 418.035 534.0163 556.4488 514.1151 583.0665 522.2414 570.4796 507.7992 422.0103 423.6046 373.4393 364.9885 403.8953 451.1188
158.5426 130.2886 152.7338 122.5013 115.8603 115.8603 117.8035 133.2531 155.3192 150.4665 128.5207 158.8863 139.7782 183.1693 214.656 197.3607 205.247 182.5266 211.1522 195.3805 192.13 149.838 147.3881 151.7355 140.5924 158.8978 163.2771 179.047 153.9368 182.7229 149.094 172.4624 220.9962 218.1268 229.0037 164.386 175.6557 194.6878 241.3732 268.6467 274.1363 262.8183 264.9599 305.3693 243.1536 239.0685 276.4997 310.6712 356.1354 459.8977 524.2179 615.5677 649.7017 684.3798 621.6464 646.1567 518.3724 471.6712 475.7865 469.4976 419.2084 405.7372 403.8953
138.5058 140.1644 119.4669 115.8603 115.8603 117.747 131.7301 137.0042 131.464 120 134.1022 152.6451 160.0494 143.4047 166.3548 229.1741 201.7528 177.3283 164.761 164.761 149.9746 151.8566 152.4243 170.8573 177.2525 205.4713 163.3155 171.3229 202.0774 179.8475 170.0022 159.0033 234.1767 220.6005 223.7737 218.0581 227.9181 175.6557 223.5673 248.5773 289.9858 241.2077 243.4167 282.4367 265.1566 315.6147 268.8786 309.6338 379.4861 427.542 497.5854 550.4445 675.5705 808.1152 783.679 652.4554 560.2177 579.8613 505.7582 543.5416 458.342 457.8645 438.7941
185.1427 148.8689 146.4797 133.0242 117.9672 109.8514 134.1571 115.9307 119.1949 153.2027 149.7374 164.9273 170.4931 184.4724 179.5201 186.2493 188.4408 180.2106 185.774 180.5071 187.7024 191.6351 228.3812 234.657 208.4079 224.509 184.1453 195.5894 190.4117 193.2269 201.4848 196.6334 235.4295 252.8625 257.8185 266.1364 258.6585 179.5742 199.6477 243.4358 282.0873 237.5136 214.5685 255.9565 297.747 312.3521 283.5662 331.2148 376.2265 466.982 580.781 630.8403 713.4746 808.7545 853.6119 771.8174 671.4646 658.8935 616.1274 561.7288 550.8076 522.0516 497.0363
145.6232 136.015 118.7249 109.5761 109.8514 112.5892 113.7091 114.8551 123.3465 126.884 132.2989 155.2324 160.9666 166.7997 211.3327 193.8909 187.3458 158.7191 166.9788 167.8287 202.9678 233.3428 196.9948 169.3326 207.1071 215.2006 217.966 180.196 173.3814 176.349 212.4546 187.605 214.5289 202.0654 201.1835 223.4096 263.5756 221.9134 200.2808 236.0609 235.4086 209.6058 241.4195 263.2828 262.545 243.57 324.851 329.3369 389.0913 441.0844 480.7506 544.5862 611.3666 679.4072 767.2793 842.2499 815.1373 738.2661 731.0526 594.1082 631.2751 609.025 586.2645
131.6399 119.6145 107.4369 106.7655 110.1375 131.6957 137.7907 138.3984 135.517 160.0683 155.9968 148.0033 162.5533 205.7595 181.8517 194.1877 202.3546 168.3988 158.7191 168.8102 183.4981 213.7689 169.3326 213.6853 188.3598 221.7358 188.9161 201.2226 170.3044 203.2088 203.3994 177.0144 205.9452 194.7079 182.1953 199.8873 262.7125 263.9854 213.2524 274.7182 209.6058 222.2285 238.0111 261.6297 204.7151 243.6051 281.4811 343.3086 367.9627 434.763 485.9996 506.028 548.3987 605.2592 661.6524 771.6729 789.9075 832.2118 793.9059 731.874 730.7302 722.6714 637.3339
115.4463 106.7475 105.3018 125.5997 140 123.756 139.0775 144.6963 143.5733 137.2166 144.837 145.2348 181.2301 162.3162 195.9666 195.1113 180.1576 179.4019 163.72 158.7191 170.8017 200.4798 169.3326 217.9546 221.799 225.0232 199.787 159.8674 169.8208 174.5471 182.9685 177.0144 192.2215 172.9947 215.7368 238.0168 230.8985 243.8766 234.9107 230.0866 182.0148 235.7913 179.9089 200.1912 220.0851 230.7336 291.9751 309.7 382.8029 397.4668 427.0446 493.9932 563.1487 637.6804 732.4399 729.5249 655.9609 749.954 773.3337 774.6713 806.3309 779.9879 767.288
104.9997 105.2924 109.9647 137.7549 140.5167 136.9141 134.865 134.865 142.3358 137.2166 154.5495 147.0385 174.4913 159.1616 196.7219 163.799 187.6958 185.2609 160.1133 146.1104 170.3515 146.1104 166.3502 183.3631 206.8677 185.4289 179.8416 150.6604 150.6604 160 160 160 160 160 170.5905 192.1071 196.7597 268.9334 234.9581 176.0564 167.671 172.6803 228.0351 237.4076 263.6337 261.7622 261.179 276.3548 327.4226 352.1 389.8247 416.1759 489.1151 582.8046 598.2934 686.1387 561.1171 676.8557 703.9149 645.3583 728.5985 749.5267 807.6932
104.8279 104.9886 119.3549 161.457 162.2913 144.1149 141.455 152.3176 186.4065 155.3382 159.6131 147.0385 149.1557 186.9257 154.0842 197.7306 172.2596 181.759 211.6263 158.3649 146.1104 153.9221 183.2724 175.486 164.1143 154.4948 150.6604 165.2707 200.5189 211.0731 177.1884 201.0356 189.0906 205.4199 184.2942 237.0989 192.1071 249.9042 217.5405 167.671 203.7782 248.1422 211.5938 288.9062 270.3347 211.4621 201.1344 251.4986 313.2197 296.2592 331.6967 364.2793 450.5241 476.4483 611.4581 583.1154 510.5678 634.8554 712.0207 569.4235 633.9167 625.9742 699.7423
104.9837 104.8279 104.8279 107.4664 115.761 132.9088 139.174 164.1124 208.3595 172.8543 164.4314 161.146 154.0737 157.9243 154.4841 154.0842 143.1508 163.6044 165.9061 169.5418 126.285 142.5406 151.4815 147.3452 134.1771 141.8332 163.9664 156.6132 169.7725 184.2409 207.3867 190.2117 189.2073 233.2944 209.4612 238.5322 245.6783 235.5635 192.275 167.671 211.6152 256.7971 272.6883 272.1556 213.1886 199.241 236.6129 240.4819 308.7777 273.9109 306.2243 329.3784 380.429 449.6748 545.8217 476.8411 496.6455 585.3915 650.4161 555.7552 513.9227 582.0476 666.5296
105.3318 104.9592 104.8279 105.5834 108.8471 130.8011 152.4015 198.017 189.5381 180.0448 171.5012 145.9844 164.0135 146.081 141.259 144.7878 133.4312 171.8991 182.9163 152.8925 125.1488 150.0179 127.9373 131.9076 168.6335 189.9256 178.8875 172.0635 174.4549 194.8584 184.6358 225.3655 192.4733 176.4839 220.1659 263.0422 207.8849 173.4903 167.671 167.671 191.4894 183.6532 260.9317 248.8524 199.241 235.4153 259.1425 276.7418 291.7002 255.6111 278.8375 309.6931 329.7719 368.5514 442.9039 402.8977 400.7829 530.4014 676.3242 601.6813 469.8976 495.2784 576.8479
172.629 105 104.9875 105.0222 106.1733 112.4982 142.6672 178.0659 177.5715 158.2551 147.9125 162.9974 145.9844 141.259 147.3719 146.6011 144.8878 133.4312 155.4003 152.5127 122.1988 126.2333 144.6435 169.4464 224.5837 261.6779 250.573 218.4068 183.2137 195.5561 199.4663 201.3634 171.0846 173.9098 188.9176 249.3034 225.2777 220.2336 201.8272 167.671 177.6176 199.8571 219.7424 210.6938 197.5656 238.3017 233.4156 277.0942 230.002 232.5029 272.2754 294.1318 276.6251 313.0211 339.9881 318.7818 456.1031 581.1282 576.1082 532.1912 432.7453 418.4493 451.9467
178.4612 105.5218 105 105.5187 105.7138 108.3673 116.6874 127.3064 158.0704 151.1068 141.383 164.6458 141.6354 149.0836 124.1509 135.7301 151.2958 136.6994 120 120.3403 146.75 148.3214 155.3158 184.2724 221.5784 252.4621 218.0448 176.946 174.1803 216.6715 168.1231 189.2352 155.2285 173.4468 221.5547 237.0997 225.0198 241.6888 200.1139 167.671 175.5473 228.6136 212.4758 203.2133 197.5656 233.4156 238.226 241.5794 201.0541 208.2473 251.5074 250.6333 275.7778 325.6855 299.4008 337.2206 402.9328 457.8318 479.6704 500.2859 442.472 418.4493 525.0765
146.6241 114.6045 105.6068 105.1489 105.1489 109.3274 108.3673 109.1967 120.9256 141.383 164.9381 149.1201 130 150.2603 117.2774 140.1962 145.9229 118.6696 117.6809 136.6131 151.1544 173.0908 203.9138 217.421 217.0161 218.6 157.0362 153.6148 206.8624 219.3488 191.1819 150.9744 171.4733 188.6912 227.6664 188.5281 180.6699 186.8875 212.5429 162.6603 165.3604 168.8392 169.4574 154.7856 190.0659 200.8127 208.3456 192.2353 217.5829 202.1958 217.466 233.4353 275.2181 267.3488 263.0053 324.7908 343.3346 336.216 415.1062 515.8668 397.4521 411.9311 499.8927
151.7849 127.3194 107.5041 107.5017 110.3392 112.245 110.292 108.7104 109.8736 111.0908 115.461 147.5764 154.4368 115.5952 111.2134 113.7586 118.845 115.6619 115.2185 117.6897 120.1483 143.8439 195.4507 155.157 167.4249 210.1758 149.9485 190.4176 201.1704 215.9406 161.299 147.868 182.4667 191.6959 218.3701 157.3587 196.2845 182.8643 146.5488 137.4574 141.3255 144.6425 154.1427 175.3071 224.033 172.9445 210.3357 189.2926 189.2926 215.3374 238.3316 206.2361 233.2876 249.8269 267.2735 251.9809 276.9343 354.3716 439.6697 469.5884 362.6256 419.1711 435.325
157.5362 126.1429 108.6265 110.0965 114.2787 128.5063 155.6949 109.4544 108.7383 110 110 110.6416 110 110 110.1765 111.3345 113.9097 114.8763 114.9986 115.1588 116.1577 119.1312 130.1879 191.0169 202.0383 175.4621 135.0787 158.7262 180.4711 190.9131 139.9208 162.3752 178.5556 196.3244 163.1272 186.6124 153.1747 135 137.4574 139.2637 143.2209 156.2261 162.671 161.6725 161.6725 165.0463 174.992 193.8176 209.0505 205.2671 199.2303 211.5508 230.646 221.2053 243.5882 258.0204 298.2059 337.5904 374.6073 410.6011 353.5466 362.3182 385.2646
132.6266 151.8463 108.8234 109.9938 115.7445 127.5781 153.5085 201.3412 121.5296 109.9251 109.9251 110 110.4624 111.6904 111.4519 111.947 114.0365 114.4882 115.2182 115.9134 116.3192 118.4682 120 121.0725 126.2354 128.7362 139.6358 150.0042 178.8063 135.3974 182.1072 167.8559 209.7036 159.2415 138.5933 141.4992 132.5764 134.9771 153.1068 153.0577 145.8698 155 155.947 165.621 188.4167 173.8159 178.499 194.766 170.9517 205.1725 199.2303 199.2303 219.486 227.9203 209.6155 260.1063 287.4635 287.4635 301.6075 337.8354 334.5032 340.1935 370.167
154.2106 154.3733 110 109.3964 114.6735 126.3177 169.019 152.718 204.9976 139.9224 111.862 110.4046 110.1182 112.8539 111.0645 113.6934 114.6049 115 115.7509 116.3351 116.5978 118.1788 119.6282 119.929 122.3621 126.3279 133.4365 138.2893 131.0994 179.9111 191.3564 204.3849 163.8985 129.5845 128.8375 129.8613 130.288 136.3052 162.6951 158.8774 172.2234 176.9951 186.7411 215.8958 219.2507 200.0969 183.0717 170.1224 179.7532 199.2303 207.3074 205.2781 202.1001 195.841 242.0994 275.9543 287.7352 338.1725 349.8233 334.5032 344.3805 398.5683 405.1488
185.6705 164.9542 140.1519 110.1728 114.9667 127.8761 180.9278 203.5023 169.4621 147.4946 122.6758 112.419 110.8126 110.8915 113.1719 114.5478 114.9735 115.426 115.1985 116.0293 119.7177 119.1872 119.7809 119.9827 120.7777 121.3266 121.4891 124.1538 123.1741 127.9594 147.8885 134.0377 124.9674 125.0796 126.9594 128.3449 133.079 151.6177 176.2201 184.1927 184.3462 178.7778 198.9516 220.5488 225.794 188.1018 171.722 169.3603 196.0431 214.6642 218.6294 200.4985 187.5313 206.9608 245.9438 278.6498 387.4957 400.4204 373.3954 298.2863 331.1189 398.1789 493.3008
207.871 206.3298 139.3893 110.1728 114.8592 132.7796 162.6832 219.2871 227.041 170.3283 131.8893 120.5681 127.746 116.1163 114.6526 114.9181 114.9957 115.4893 116.6645 115.1985 117.4558 120.162 120.5307 120.0743 119.9827 120.015 120.0539 120.3273 122.5229 123.0372 124.9674 124.9674 125 125.6264 125.1118 127.0048 147.8371 165.3424 185.5173 187.0415 192.752 162.8781 182.5263 181.3131 192.052 167.1868 155.3186 159.3361 163.43 168.3267 174.6156 174.6156 192.6227 227.037 234.9091 245.6419 278.4861 329.4252 335.512 298.2863 364.5877 447.6173 472.1693
206.2579 191.8816 133.0208 110.8734 110.6646 118.9427 176.4534 220.4206 238.0122 196.3085 150.6176 121.4738 165.2619 156.4351 126.5898 118.4743 119.0336 115.6686 116.2507 115.1985 119.5559 120.8267 119.9827 119.9827 119.9827 120.0782 121.3801 124.1797 126.8109 135 125.0664 124.9674 124.9674 125.0119 128.8564 128.3748 128.4018 131.0334 164.2121 183.8641 188.2648 146.5645 145.5531 147.089 150 152.0388 157.9684 192.6282 166.3801 191.9884 185.6224 174.6156 178.0327 184.9288 198.392 209.3674 255.8512 265.7167 314.3828 298.2863 323.3665 404.94 437.9929
189.4727 150.772 139.315 112.8076 110.6646 115.6416 157.4213 231.1182 215.5208 184.3355 185.8925 134.7271 150.4667 162.6581 131.1058 148.5019 140.9597 128.8286 129.7378 125.0171 120 129.3873 119.9827 120 122.4453 139.5064 212.4586 159.297 138.0201 139.829 130 126.0025 124.9674 124.9674 126.7077 130 128.8913 129.4451 157.7478 163.3771 147.0894 140.2512 142.7873 146.3668 161.1535 170.4591 198.9918 177.922 177.5383 216.7733 175.5668 189.4833 180.8145 224.0876 203.3113 209.929 234.6856 293.2765 277.5096 293.9134 354.6578 437.2368 362.5528
221.8483 159.8992 164.8711 124.6358 111.4522 114.026 169.6714 202.2064 212.3364 193.7875 180.4922 171.4828 134.7271 154.0247 145.5751 153.005 181.5616 146.0509 148.817 135.5918 148.9449 129.6807 135.903 144.886 156.0013 196.4931 232.2959 176.8294 161.1623 142.9849 138.2076 131.9624 130.7876 126.7631 128.6223 130.3161 128.8913 129.7141 142.5523 144.539 138.5874 140.9124 174.6945 157.565 176.8927 186.2284 174.9469 230.8274 210.521 206.4239 215.3314 195.5279 209.6125 197.9435 227.5412 224.968 263.9541 348.8252 277.5096 284.2573 322.2595 323.8218 399.5214
236.3774 218.1533 161.8031 151.447 117.7822 112.4928 117.9069 155.5794 228.1758 223.5758 218.3226 194.4697 150.9191 138.3134 142.7841 145.0869 149.0958 166.3347 167.3052 158.8621 154.0418 132.4438 158.3007 147.3655 185.1991 177.3409 194.4302 246.8582 192.7681 147.7567 144.7501 136.3691 134.9092 135.3713 135.195 130 129.9841 129.9792 133.4306 135 147.6628 156.5308 180.7467 194.5197 161.677 202.8665 189.3288 197.4922 233.2079 217.3799 195.5279 195.5279 224.6962 197.9435 221.685 262.1518 288.4944 377.7272 277.5096 328.57 391.3995 417.2098 448.3995
233.2243 223.4238 173.3445 142.5768 123.0643 114.6635 113.3386 115.6201 152.4681 222.1531 218.4349 207.2626 158.209 149.1945 140.5273 148.455 151.3729 167.8037 174.6843 181.3526 164.8253 132.4438 147.8951 147.6356 172.4009 179.7415 212.7916 222.3491 167.5524 176.0534 151.5319 146.1546 140.3576 142.5223 135.0886 132.7085 131.6975 130.3497 131.9419 134.8001 168.2822 147.6628 160.4721 183.2579 183.8724 183.1791 198.9738 191.9739 245.3327 219.3462 208.3104 235.4591 246.11 217.0034 220.6437 286.1364 326.7042 420.8981 304.8958 297.8981 408.6848 497.3163 458.7735
195.0489 224.5779 199.7409 161.0685 179.5585 130.6899 114.2986 114.4077 123.0892 214.0372 178.7933 177.4449 183.137 187.3606 149.4573 153.0991 181.1905 172.8615 163.2777 191.0806 153.2347 134.7962 149.3659 180.9503 164.232 177.9146 187.1922 189.3295 231.4519 237.0592 184.7151 159.1971 149.5938 144.4572 138.9379 135.0714 130.498 131.2438 132.0255 135.2436 162.3015 156.248 168.3736 190.0995 200.4646 191.4553 232.7931 229.3457 231.7433 227.9787 240.3337 257.5717 271.7211 258.9889 258.8247 300.5913 363.1028 401.3669 313.1277 301.1007 387.1256 492.5894 524.8655
243.856 205.5642 256.7184 233.9804 220.249 209.3882 141.4383 114.8302 114.9974 124.1645 136.3023 167.7636 183.7747 173.69 172.3167 149.4573 155.7607 160.71 176.6834 187.9572 173.5015 140.4281 156.9427 192.1476 190.2145 218.4348 234.8114 293.9163 296.7162 283.366 197.3979 182.0754 158.7096 146.51 147.8533 133.502 130.498 131.8219 132.4512 136.3275 142.8931 149.351 155.5547 166.3204 183.9405 201.3948 217.2032 319.6357 264.7073 264.6053 291.3299 357.4115 317.3182 258.8247 268.4107 287.3618 349.7823 339.676 319.3746 252.8742 363.7162 406.1956 464.2247
204.8747 235.3184 245.0044 198.5127 223.3833 227.2879 182.2179 144.0948 118.579 115.9701 128.437 147.0112 172.3359 184.4856 150.1272 163.9679 158.2891 163.7387 172.304 178.2377 163.6217 179.8597 140.6539 160.1406 164.9964 168.9904 193.1953 250.8582 257.5612 231.987 192.521 176.5462 153.6261 148.9296 138.0766 148.1909 130.498 131.5992 133.514 135.1073 140.1388 148.0159 173.4041 182.2458 200.5681 246.259 260.945 268.2873 299.2375 266.352 316.621 361.0561 359.7965 317.2133 344.279 381.8053 329.7507 300.3893 289.5446 251.5961 306.2594 370.7376 398.9518
