DownloadStableBinariesAndSampleData/SampleWC/Data/WiHydroDEM.asc
ncols         183
nrows         156
xllcorner     336778.1875
yllcorner     276369.9609375
cellsize      200
NODATA_value  -9999
[rows 112 to 139 of 156, columns 63 to 125 of 183]
254.8782 273.7357 286.8138 308.4153 350.1527 425.1499 539.5778 533.5342 501.0175 494.0768 542.8672 491.5945 505.3668 391.4499 351.7671 359.2283 298.8568 349.9038 279.0656 321.7813 370.5034 331.5564 277.3878 244.8981 242.7144 267.1289 287.0658 229.9511 225.0959 271.2081 333.017 439.2098 394.9012 387.5735 312.0898 397.1139 312.5667 224.562 208.8454 219.9189 215.8189 199.3927 180.668 218.9477 218.9923 272.2935 216.1356 195.349 168.5829 183.7962 164.789 173.9114 163.2887 132.5086 130.0144 130 130.7975 158.8856 173.1828 143.4013 166.5559 182.4142 157.2896
275.7618 302.6111 313.9685 351.7336 348.81 388.0615 469.9461 622.8931 626.352 533.8683 622.1332 576.408 522.0895 455.0882 437.5875 331.2351 342.5671 357.5972 319.533 323.7426 410.2258 349.201 293.8278 254.6049 258.0305 369.5198 299.7636 277.0224 246.7484 225.0959 278.499 329.5431 317.0861 420.8256 393.8777 396.6794 323.3826 321.5754 245.3957 300.177 263.8277 282.6777 204.8644 219.5804 251.1902 272.6595 245.3955 200.2528 168.5247 177.741 150 163.5388 173.2383 138.5843 132.7653 130 130 155.6585 150.5539 143.4013 156.4305 173.2409 165.4093
332.9788 321.138 364.3138 395.7874 399.1958 408.1077 472.3132 597.3585 723.0367 656.1602 651.0576 581.4872 532.9556 476.846 445.6395 414.9609 364.288 427.6197 346.704 319.533 409.5815 381.2946 304.0082 265.9293 272.6453 408.5601 309.6986 330.3511 330.0354 311.2451 237.8119 257.5002 289.9897 398.5089 441.3525 391.0465 457.0262 402.6772 307.6482 355.7147 337.7078 335.6001 249.0678 281.3676 271.8161 252.2042 225.065 250.758 182.5525 163.5036 153.9937 143.6523 139.8689 136.8062 133.1036 130.0074 126.4098 128.3463 155.8358 139.1625 146.6104 159.8802 153.4508
324.1978 365.3383 374.9332 408.845 450.695 460.1754 482.464 544.85 643.9597 744.6529 643.5754 582.0324 531.6918 538.3034 460.6487 406.6053 448.5965 417.5651 385.5999 345.6706 432.9616 427.3219 339.862 300.1912 286.9295 328.1595 404.2005 377.8246 458.2108 380.4939 286.7757 253.6541 316.8284 334.8564 460.7238 437.8539 497.8659 444.8092 367.2257 360.9173 344.3578 356.3203 312.1205 300.2277 314.5532 273.941 204.4488 221.0918 185.4388 150.3792 146.379 140.0063 140.0477 136.5193 133.082 129.8112 126.4098 126.6947 145.6151 132.2273 139.9157 158.7725 143.7385
299.858 316.893 353.4955 385.3062 412.1534 448.7522 443.6068 498.6786 565.585 680.2298 694.5935 617.4358 589.2656 514.7274 476.6638 505.1768 516.1548 469.0428 418.9125 387.8649 440.1425 452.9022 363.0716 352.0376 313.7919 304.2988 439.6246 497.0998 456.6161 409.213 364.3528 266.1083 309.925 415.0042 469.393 486.5422 457.019 446.7377 436.3806 396.4268 324.8459 252.9219 249.7706 258.8005 241.0223 208.9059 190.115 161.8167 155 151.3444 151.5352 160.1671 145.9847 145.2995 138.9645 128.6778 125.4566 125.1787 128.517 130.0187 137.8319 150 135
317.4158 343.5768 349.5159 349.5159 371.2143 400.1766 427.5614 499.1516 519.366 568.8925 645.6045 683.0961 583.5481 533.4515 561.7325 579.8961 534.2547 468.1739 413.5573 446.6313 490.4583 462.8226 438.3853 362.5491 361.1255 305.2483 400.685 458.7121 553.319 496.7202 395.6041 290.3785 356.1693 422.4531 515.9697 574.0391 470.8448 369.1549 337.4576 346.6282 336.2951 330.4403 248.2905 187.5656 174.9927 173.3262 168.9931 214.6352 193.5803 217.9592 195.2295 142.9856 140.4836 139.5489 135.3863 128.4966 125.5376 124.7412 126.1728 130 136.3133 141.612 134.946
360.8892 390.2957 405.9061 371.3895 376.4501 385.8361 441.6989 463.7873 498.6696 523.8504 567.0194 640.4712 650.2707 617.7311 626.8016 578.9391 511.9064 494.7956 463.6479 542.8022 599.6484 559.2988 445.0388 384.2953 443.6848 333.0349 342.178 362.1325 519.5609 431.5742 348.0084 377.8086 322.4594 381.9571 513.3259 623.5444 526.4196 413.742 361.5908 269.5233 257.3855 257.3855 229.494 190.0066 239.5172 236.6617 216.1081 236.1087 260.7508 186.3051 142.9856 165.3981 150.253 131.4252 133.4593 126.2006 122.6857 120.7712 124.2326 130.1436 140.3951 135.786 130.5034
374.0331 373.3153 405.7349 406.1874 379.01 413.5741 411.665 434.2778 479.4755 529.1756 582.2015 588.2932 675.409 675.1097 717.3926 606.4672 531.1511 566.4294 526.366 645.9128 655.1005 502.188 450.6096 494.0914 540.834 456.2103 399.3932 407.3715 513.8901 445.2948 477.0426 516.2306 434.7481 385.1967 443.0146 568.0879 608.4494 542.8358 449.7926 326.1134 289.4069 270.2903 263.7828 215.956 308.0154 216.2381 247.534 285.6132 231.2013 159.0074 142.9856 155.7742 194.0276 160.2749 131.4252 125.0133 122.0446 120.0893 121.0719 123.3102 136.7356 130.5034 132.3168
393.1914 384.7739 403.1038 423.6864 422.4519 415.2609 437.4891 465.4045 488.8389 504.1097 593.2167 663.1052 675.7152 758.5348 692.6212 608.6265 615.0762 601.0848 595.4806 688.9072 566.3314 502.8232 593.7945 656.0851 570.9577 450.6421 419.949 399.3932 448.3952 502.7148 542.377 600.5758 525.4126 415.8768 404.0174 540.1926 622.1743 497.4382 392.3621 309.2792 397.856 368.7585 275.962 226.1525 294.6765 246.9917 294.3487 304.8375 252.1245 182.1759 157.7713 190.0282 220.6687 171.6905 151.436 152.4622 121.0591 120 120.1174 120 127.5668 133.8105 145.9194
437.0636 406.388 423.9538 433.6529 465.9691 428.876 462.6706 491.577 505.7365 537.3396 543.1984 603.4493 678.0956 740.6935 754.4705 699.8824 662.6172 670.65 716.7111 625.0277 581.9047 575.1078 645.9174 610.8475 503.3153 538.8833 487.2238 414.6943 433.5887 548.8499 579.0738 590.3053 493.1821 552.2805 476.1085 483.5863 606.0565 510.6494 396.8287 433.0184 474.1125 364.3643 281.9653 234.6212 353.6857 273.4912 291.6532 219.5566 178.7629 169.2796 157.7713 177.6585 245.0569 189.9671 175.8463 165.7504 123.2172 119.8564 119.1651 119.6363 120.4656 126.4402 162.3746
481.6569 460.2074 443.6992 433.3094 471.4598 472.6269 471.2137 473.2507 544.7114 541.6124 552.557 578.4278 614.743 650.7041 686.9625 752.4124 757.7074 777.6169 736.1592 676.7256 606.428 641.1769 707.6383 591.2637 552.9651 603.0106 514.3123 453.8234 426.9554 578.7908 657.9791 598.5364 616.7474 618.3899 551.2497 496.5359 568.9522 571.6873 505.2492 477.2838 408.4193 354.0376 264.7805 272.0021 373.2195 288.8409 313.1696 233.6864 171.8254 220.1735 157.7713 185.3395 259.7471 176.8429 150.325 149.5105 125.3849 119.4893 118.5997 117.9973 118.1509 123.2528 145.4118
509.3875 505.4667 455.4873 486.5277 498.6012 479.6044 498.5038 521.8227 511.1096 536.2532 566.4968 585.0902 649.278 707.6066 734.4727 767.0565 777.4652 845.264 773.1177 750.652 653.2869 696.2496 780.4955 685.3046 649.2034 627.7133 533.9445 468.7011 448.8541 536.7724 680.4301 670.087 693.0084 662.826 548.4222 530.8641 567.267 547.4335 506.0844 423.9018 328.523 289.9884 296.702 293.847 422.3408 370.2643 316.8539 236.0218 205.3502 263.617 168.3414 204.9838 214.3224 201.128 168.9609 140.8494 124.9023 119.9786 117.8809 116.5776 116.6311 116.7967 120.2895
545.6528 536.3287 511.31 512.2658 544.8082 528.5892 508.6782 500.4256 557.9376 535.5363 571.1666 608.9638 671.5095 748.3699 840.2726 857.2753 847.1645 837.4106 912.0645 815.1068 742.9242 752.2003 776.5751 738.2061 681.8168 630.0408 577.0964 499.0304 462.5859 511.2203 581.5671 737.6037 730.0167 616.3399 563.2911 564.1155 513.4451 453.0921 413.7628 360.38 355.609 339.2199 398.3623 293.847 392.4262 360.6631 288.1261 237.0901 237.5168 249.4272 181.5455 184.6951 274.3861 196.3135 187.3781 144.6962 175.0205 140.0748 116.6674 115.2515 116.1156 115.8679 115.3261
609.5385 557.1191 560.1799 607.6559 600.5659 523.7842 549.3045 537.4672 546.7425 583.1178 575.9009 610.2139 656.6177 719.7364 787.7548 925.2609 926.0985 901.5917 946.9402 925.283 824.6807 904.7867 792.0438 715.9441 660.2353 643.2046 604.907 574.3441 480.8766 522.7064 602.7532 716.3746 765.5223 624.3127 628.0282 548.4105 459.1229 417.1753 419.9103 421.933 438.7262 401.4424 347.0764 313.012 442.6519 361.239 295.6984 219.9929 215.4091 183.8964 181.5455 200.5577 280.0496 236.7062 162.7285 144.6962 161.3828 146.2199 126.9987 115.2146 115 115.1582 114.3745
651.9418 591.0619 605.1288 650.8016 650.0516 559.6391 588.7548 566.8656 565.5228 581.7913 616.1407 647.2289 674.3312 744.7112 804.5485 873.8197 979.9265 974.4055 958.1966 991.0769 883.5636 850.7282 839.7868 766.9379 716.9727 640.9125 577.3228 536.3313 509.8141 578.0606 668.8048 719.8306 718.9394 715.3245 711.9089 601.004 511.7081 463.2302 418.431 439.788 462.8279 418.6934 430.0502 380.0091 400.4306 411.3986 299.8636 289.9479 243.2464 221.8008 229.0671 200.0738 263.9328 213.1578 177.1577 150.3325 169.5397 165.8641 159.791 116.4661 115 114.8346 114.3691
679.9833 622.4861 652.7209 657.7386 634.2196 613.9863 589.5776 614.2808 617.759 672.0945 657.2283 642.2925 752.3231 761.2072 780.3018 850.4124 982.561 1024.382 1050.76 1048.873 919.9108 814.7539 752.3406 728.4799 689.9612 662.1357 606.2944 553.7733 537.2025 595.9372 646.7883 677.0878 766.6653 804.626 682.2069 597.2045 533.3358 481.8098 445.5554 466.0491 473.2802 418.6934 490.7614 451.3422 461.8806 464.5952 395.6483 370.8683 299.002 264.5284 261.9256 200.0738 223.5362 208.0113 206.6391 184.9988 222.5013 171.8285 170.284 145.1651 115 114.3131 112.9826
719.9279 653.0354 670.9181 717.4854 660.5966 658.7935 652.4168 691.123 695.7223 709.8428 718.6831 715.1346 706.0753 780.784 847.3697 918.3993 1093.298 1093.135 1152.161 1080.459 990.3593 838.075 772.9211 736.3823 692.2783 629.3365 603.0913 630.1445 590.6511 595.752 606.5396 655.0052 712.6589 750.2285 673.7277 595.6239 530.1605 507.8869 542.6837 520.099 451.0067 482.1693 540.1406 494.1069 419.9223 369.9384 346.1531 396.3648 339.0213 361.0289 275.3003 231.4896 244.3643 228.2028 167.2994 176.134 199.2364 177.8656 175.4564 139.7292 133.0506 114.4536 112.2367
779.9865 706.9015 740.4718 746.6962 673.5797 691.1498 696.5789 680.4865 744.0737 791.4651 749.6618 802.1176 750.44 772.59 827.5706 886.5173 985.8244 1095.408 1170.555 1135.743 1034.662 920.3369 797.8705 719.3403 661.3998 644.2122 685.0898 653.6063 622.9247 609.2002 643.201 691.3544 709.7253 717.6918 636.5824 631.3273 573.1412 571.7302 611.7744 537.2808 506.9151 505.2407 505.7439 445.6684 420.9073 331.1887 331.1887 283.6472 370.8112 350.201 334.2077 267.0213 280.6638 263.2427 209.4052 156.9569 166.4556 146.5375 147.8851 152.6312 174.8421 156.3524 110.6209
794.5258 778.6897 795.693 744.6995 721.0655 762.3107 708.4252 717.0662 760.0435 830.8748 792.8885 834.1938 828.2797 800.8525 858.2757 870.2209 978.9501 1063.339 1138.112 1087.623 1067.037 902.4197 814.7372 733.4124 736.1912 664.2527 732.9329 678.5198 677.4946 630.8237 673.5436 707.7223 781.1957 753.5063 728.7794 654.1744 598.196 613.3752 581.4537 561.6236 603.9513 579.1158 465.3763 421.2939 397.8104 394.366 343.5909 278.0339 265.0435 271.0395 285.0497 305.6324 290.9767 258.2856 198.7754 167.1182 150.2308 143.4011 137.6206 134.9826 152.6917 186.7474 130.2317
747.2546 812.0861 862.0873 801.0844 794.5794 792.3868 736.9689 784.7369 786.3183 857.7075 862.7354 850.837 877.7175 830.577 903.7589 934.2049 993.9104 1049.748 1118.895 1041.661 911.1349 873.4387 788.21 789.0767 743.4919 720.9829 783.7424 701.5161 700.6993 662.6338 748.4442 703.9318 722.3911 760.4028 722.5784 665.7242 682.0525 650.9922 609.9516 622.2476 589.831 474.7917 477.4729 404.9753 350.2651 317.1033 300.3461 298.2416 259.0743 231.2376 214.2497 216.7249 240.4324 187.6869 165.6912 165.0925 164.5559 187.1118 148.7053 139.6724 129.6769 128.5783 139.1171
725.869 758.9948 816.8762 896.9839 861.3348 842.4507 787.8282 856.2829 796.4465 892.9648 980.5468 934.8148 917.0421 902.7601 934.7385 1066.014 1063.12 1129.224 1059.372 967.5541 893.694 832.228 866.6743 808.2621 729.1939 771.9049 777.6404 710.2036 767.9816 696.9741 763.9393 760.7126 746.3234 800.5543 773.4133 718.4791 738.6044 668.8511 693.0892 647.1015 546.1323 475.1124 407.9034 390.5811 386.1474 348.8059 333.722 309.7621 266.0274 254.1164 209.6621 195.7149 186.7636 175.1621 247.3923 220.8542 217.1568 169.3011 143.6526 142.6472 129.643 124.8364 123.2103
797.6382 799.4594 840.7651 916.5004 921.7555 876.2218 843.7979 875.6998 868.1183 878.8141 967.493 978.0306 960.8209 991.7767 959.5494 1075.938 1183.84 1135.362 1056.626 962.3007 942.3369 933.442 871.274 796.7576 799.772 814.6868 819.7243 735.9119 803.3793 726.5252 787.1816 849.8383 811.5401 827.2024 821.5353 784.2201 753.152 690.0408 606.6088 585.9816 495.3831 496.3653 427.21 369.9688 322.1892 304.3268 282.5392 300.6481 280.6223 225.4024 248.3868 250.01 235.22 273.1819 268.4004 252.5171 202.7979 180.1015 159.5099 167.6567 160.641 130.9542 120
760.6995 836.6542 870.0996 941.4667 990.9368 949.9289 927.3536 919.8786 938.754 944.6989 1015.312 1079.203 1063.635 1115.482 1099.143 1060.771 1072.355 1121.17 1061.167 979.6307 916.7786 877.5669 825.2355 834.1515 850.4689 907.5423 842.1434 778.2369 831.3511 762.0107 829.2373 840.9906 862.7527 867.3148 861.6894 818.4006 729.3217 649.5739 642.1321 557.1196 517.9049 458 396.6013 346.4319 314.8282 297.9948 281.5709 277.047 241.6934 311.3244 320.9121 300.1921 317.6889 353.3062 271.1125 192.5525 180.1015 198.1974 203.2437 171.6841 182.2129 157.0889 146.8248
824.5626 823.3738 888.1671 980.9388 969.1905 949.2338 952.1886 907.3127 940.0974 913.3392 914.8405 931.5845 1022.184 1099.442 1030.831 1006.17 1021.203 1085.624 1105.687 995.5387 951.0695 926.035 872.4496 868.8507 868.5869 944.1715 857.4052 843.3683 864.3008 804.7755 814.8127 867.7343 942.7439 949.6282 902.0072 813.9817 778.5415 706.3961 599.2789 510.3642 457.4269 412.6894 372.8003 353.4169 347.8111 318.8098 341.6746 307.4202 361.8736 371.8224 393.1635 380.8366 366.2853 320.4401 326.4196 242.2386 231.0011 195.2261 197.4979 187.6228 171.4769 156.8366 169.2807
891.5392 893.7952 918.4718 950.7764 900.8882 872.1484 862.1014 823.974 854.3185 826.5873 821.1985 900.4205 979.8267 1027.144 915.5944 923.6754 943.5024 967.575 976.3817 1053.811 999.7585 967.6636 970.6984 925.1138 929.4552 926.4882 885.77 910.4717 900.571 839.6038 879.7141 879.7832 921.3228 855.609 869.7979 792.1093 790.6678 648.201 550.3154 506.9238 445.0938 402.2154 413.7276 408.2249 413.0115 395.5027 385.8622 377.3006 420.098 510.9261 459.0208 410.351 321.3246 279.4663 285.7411 297.277 248.1142 175.2645 161.1272 166.2366 170.4089 177.9176 196.1813
914.3426 907.1458 926.8228 909.9468 849.0616 818.4744 814.7269 774.1619 809.8764 744.9025 817.5699 885.0428 872.8373 896.6742 870.4281 871.6614 928.6007 889.8372 860.1722 943.9327 874.6141 944.5298 940.7913 992.0109 1020.228 970.7874 943.1762 944.8342 936.6699 899.3803 909.4886 964.2321 940.4146 805.4532 754.3871 728.2965 673.3057 644.4412 566.0601 489.8394 443.8069 475.961 509.7986 484.9258 518.0383 545.2598 467.6869 460.0724 477.2888 548.5466 453.6459 377.793 317.9718 270.0754 224.8739 238.3716 216.0918 197.3996 195.2321 145.5032 158.5051 157.0377 185.5316
806.8666 811.6735 799.6595 903.5554 858.6454 788.9608 765.5696 721.6069 753.6826 702.4618 768.9683 795.9222 757.6932 897.8442 821.8842 852.5687 901.0256 793.6498 825.275 868.2805 793.3849 859.0797 836.4071 895.7161 893.9365 945.5901 896.0179 934.2871 952.7686 945.3254 915.7673 871.903 862.8002 876.6116 769.8715 673.1956 628.5335 572.1447 523.7518 480.0229 526.241 563.8396 565.4296 557.482 535.8832 492.0164 505.0929 448.4482 421.6587 474.3449 493.3116 421.1371 344.7157 282.7171 228.6121 218.2817 186.3528 167.3324 176.5055 158.1359 144.8287 156.2939 161.5979
805.525 717.1926 748.3978 781.2164 795.3381 794.6315 770.3951 702.248 672.958 663.5649 694.6816 729.5363 730.7302 769.8403 786.5668 786.0421 884.6097 797.9238 762.1765 827.512 724.7883 803.8844 752.7037 784.1497 875.0304 832.9358 803.6937 845.5575 864.4423 930.6924 919.487 844.826 788.2195 759.8694 765.1988 763.3074 695.0433 640.8748 561.0225 522.3167 561.9994 539.11 531.9505 503.7046 457.4604 430.8657 435.2732 417.9549 405.4968 381.1187 442.2882 421.5704 399.2691 368.7559 329.9818 301.3031 241.8388 184.237 156.4464 157.1145 163.7396 132.3295 133.8173
