DownloadStableBinariesAndSampleData/SampleWC/Data/WiHydroDEM.asc
ncols         183
nrows         156
xllcorner     336778.1875
yllcorner     276369.9609375
cellsize      200
NODATA_value  -9999
[rows 84 to 111 of 156, columns 0 to 62 of 183]
-9999 78.8052 79.798 81.516 81.7992 85.5079 123.7195 116.7688 139.9994 138.6124 129.21 168.0101 202.8427 155.6034 120.1599 189.7642 188.3117 201.0597 183.2863 171.5277 174.1727 168.1687 172.2272 234.6813 217.7383 134.0936 134.1905 142.1666 155.0768 192.5762 253.7094 320.8299 354.2441 399.9743 429.9001 471.33 416.5764 325.7514 290.8178 244.4344 299.3228 258.2128 266.8814 253.057 193.2405 165.2977 185.6575 156.1608 140.9765 197.7327 137.8946 155.4509 194.995 205.9573 193.6465 131.1833 131.7209 134.0107 135 135.6723 139.4295 156.9446 218.6003
-9999 80.2602 80.1164 84.8568 94.6079 86.1843 86.3624 122.8897 158.9199 146.5426 108.6561 144.3048 156.6237 113.7868 136.2033 199.0975 190.7299 237.0299 232.6972 205.911 208.7475 182.6426 204.7432 238.6225 264.48 165.389 135.0085 143.7113 159.1211 178.4359 189.7001 250.7566 287.6183 323.4402 342.4682 431.1207 489.7629 385.8279 305.8378 300.3405 322.4547 272.3283 226.6045 199.6519 215.7164 204.3143 155.9402 145.2561 169.5226 188.685 148.9643 141.0502 187.3073 219.9101 237.5133 143.9138 134.8626 135.2173 136.9262 138.0132 139.3781 139.9278 140.962
-9999 86.1432 84.7967 85 87.2331 112.0459 91.3988 88.4053 102.3183 96.4532 96.4532 100.0417 105.6431 122.6577 157.5831 200.4668 234.4502 244.9318 270.8599 240.2967 247.8836 193.2598 208.1568 198.637 213.7932 156.1422 135.6648 139.8222 193.1037 249.0353 252.8153 231.5011 234.0055 291.3166 370.8658 356.2791 474.1859 390.787 392.0354 375.2453 330.6435 284.0188 257.0668 239.8631 186.9562 164.8084 155 153.6573 170.8224 160.5304 149.5517 141.0502 170.0966 225.256 253.7113 209.4466 153.1324 144.1238 144.416 144.8403 141.1276 140.5064 141.8583
-9999 97.5735 87.7723 87.7234 88.3547 91.2344 102.0988 100.4204 93.6623 97.3005 110.4017 103.5809 115.3466 191.8273 162.1064 157.5831 216.0728 257.9778 291.8704 290.3177 239.8953 261.5514 235.0194 192.9686 157.9722 145.0169 138.3532 139.8428 179.5811 280.3815 356.4641 323.241 324.7212 354.5771 295.0714 314.2701 365.2329 457.2355 427.389 342.0046 293.0216 264.7794 251.0229 225.1117 175.3625 160.3802 193.9094 159.8147 222.8954 175.1287 160.8744 148.7601 146.1786 170.8398 212.6704 231.2693 225.6699 175.2865 146.8268 159.8634 149.8821 149.2952 143.6866
-9999 113.4429 128.0979 95.96 90.4789 90.6463 101.4287 116.3739 118.9079 116.6633 132.9033 164.5838 114.9361 200.0338 234.4444 167.3653 177.3094 211.2931 241.3879 310.8778 268.6661 321.6159 279.1964 200.139 181.6657 174.744 139.8483 140.8468 155.1126 209.925 276.0809 290.053 244.3868 250.7304 221.6739 263.4736 327.0324 427.4761 434.0268 362.8574 296.6743 236.4421 223.6926 205.0401 190.3156 169.3484 237.9459 198.0891 202.2118 209.1212 170.1171 158.9882 156.8853 155.1359 189.6132 192.5379 202.956 190.9668 153.6524 180.5661 173.0662 175.499 145.9829
-9999 145.0617 129.9451 126.3803 95.0226 94.3136 99.8556 117.1539 135.0211 178.9252 124.5983 168.7469 162.51 135.0291 209.0206 210.2355 232.2237 246.1397 272.2787 278.7434 291.206 328.127 260.5154 210.7899 215.046 228.1832 143.2821 140.8116 147.3286 175.8293 230.749 248.0387 186.1201 210.0834 285.1358 280.8422 320.3426 424.8814 418.569 383.5561 334.4908 302.7109 259.4573 200.8795 196.9605 184.8837 236.8456 198.0891 198.0891 215.8198 206.1097 164.7375 161.2774 183.1852 176.236 193.5734 178.3715 174.3652 156.7776 195.2273 175.6168 203.6918 200.4093
-9999 141.164 170.66 118.2775 112.7439 100.0115 100.9379 104.7951 179.2192 230.8851 184.8979 139.1232 219.9991 174.1538 137.6878 168.9541 186.5564 241.2155 239.5012 224.2008 262.3671 335.5854 292.9901 232.3739 261.1179 223.1215 164.8303 144.9174 144.9937 150.7201 185.0476 168.5099 249.0148 280.3426 216.1519 287.1819 327.5402 340.7495 378.1376 386.6979 334.6005 275.4241 243.276 269.0607 241.5078 193.8972 254.1951 235.8083 241.1181 234.603 237.9652 165.3926 162.1528 228.1654 176.236 220.8757 228.8948 171.9715 171.6552 172.286 190.7573 198.5871 189.9459
-9999 127.1201 144.1433 182.401 151.6116 123.8866 109.276 103.929 153.7087 251.2412 250.909 191.4993 210.0518 229.6026 195.687 140.051 184.6339 214.9176 183.8039 242.2717 257.0792 333.7734 306.0577 235.6654 200.8152 185.314 208.234 172.3093 145.2022 145.8897 146.9343 156.1054 212.57 186.3662 245.5332 298.2892 309.0489 272.6728 356.2106 409.065 369.1067 334.2094 298.6779 315.3845 234.7834 266.9708 218.9748 277.565 279.506 210.8764 192.757 221.7552 166.1085 227.9693 176.236 209.4848 246.6425 193.1214 205.4108 199.605 209.1017 195.8856 166.0688
-9999 177.3513 173.7824 234.3154 180.4948 144.5261 122.6678 107.9765 143.0021 202.3385 283.9004 230.2075 219.8042 264.1461 206.1473 171.4045 164.0719 171.2902 192.3268 233.8426 267.0605 331.1598 333.1047 257.3209 239.465 258.0912 314.9773 247.7343 160.3225 148.9801 150.3521 150.5736 150.5736 201.6467 187.8978 203.5358 208.3575 277.4205 349.8576 362.0749 389.9048 377.7227 356.7947 310.3805 264.3784 275.7815 262.8226 301.3843 286.8429 224.271 215.578 216.7117 171.6991 234.2872 188.6336 239.9727 227.9068 193.1214 197.9989 258.2481 229.7455 187.1847 207.3075
-9999 189.0558 235.8009 269.0486 203.2052 200.4252 133.4716 108.2389 119.5724 203.5985 283.3702 270.5869 233.0598 268.3772 237.2792 221.5039 164.0719 220.3709 246.0191 265.5946 288.875 334.9015 364.4515 271.3757 335.1149 329.0925 305.0536 278.0556 228.9881 164.6251 155.4886 154.7687 154.1867 154.8903 196.0574 253.1663 275.7894 362.2159 282.7922 330.1031 347.0845 371.3315 421.6897 356.0675 350.4404 338.8806 330.9201 297.2894 290.8409 278.3908 249.8862 191.6593 185.2776 223.9503 254.8714 248.221 221.4063 255.8074 195.4103 273.462 225.6907 246.8566 251.4697
-9999 200.2791 209.5819 298.9127 264.4695 207.9412 155.2299 109.686 114.0582 228.9651 206.7554 236.692 224.1402 276.3642 299.5505 225.8897 168.384 189.3525 208.617 244.8459 308.0688 368.4869 405.9105 335.1801 384.1061 310.2666 249.5147 218.858 217.0108 178.3937 175.6631 161.3927 158.9123 155.4887 157.7842 228.8254 290.8766 322.6225 228.5708 322.5558 266.3936 350.2396 343.7781 405.8497 411.9267 416.0547 352.5532 375.1223 320.0849 304.4072 211.2713 251.6425 192.0485 258.1146 237.6685 309.3207 285.2068 306.9825 210.4954 278.9007 246.837 295.8263 225.9592
-9999 204.3351 233.2542 271.6119 286.7534 206.9041 151.3807 110.429 113.9346 160.3629 144.101 212.6479 261.4955 237.2527 290.7325 210.1087 197.8529 212.8377 264.1383 243.2849 272.2889 333.869 401.1901 332.4716 327.1717 345.0914 312.6644 293.4924 250.2052 239.6022 214.4667 172.5626 170.9458 160.1793 156.0671 162.3481 198.0575 284.2498 222.927 229.1523 227.996 275.3258 320.3412 347.1011 304.843 423.3143 394.2661 424.5732 340.3049 247.0133 270.5579 247.6735 217.8254 222.5731 264.0267 259.4342 353.8396 279.5297 221.9919 289.197 314.9775 275.7672 227.7718
-9999 165.9913 234.5251 287.3844 283.791 203.8428 147.2264 116.0812 115.4941 123.0183 214.8355 236.4276 263.451 281.7643 296.744 247.5637 256.5052 197.8529 231.7458 299.8911 309.1598 359.1051 367.8216 313.8756 309.3053 271.8607 283.9674 296.8585 252.2597 207.829 207.829 220.2345 172.6272 173.3509 161.0843 160.0189 167.0499 194.0945 179.0464 193.7936 196.8236 201.5581 212.7246 248.3051 299.4806 350.1454 372.7758 393.5422 284.8712 328.2969 248.2696 227.8138 255.6492 306.0052 258.9475 287.3571 348.3155 297.2503 270.3418 328.3263 345.076 253.7967 219.0115
-9999 200.5415 219.3465 321.2475 296.4285 226.3098 219.8198 124.3838 120 121.9553 189.5558 240.3407 285.6464 269.343 304.2903 293.4166 241.7338 211.9841 279.8119 317.0948 380.592 407.782 355.8874 338.221 313.2462 289.8902 257.3411 233.2771 233.2771 253.9891 259.4013 188.5553 188.6548 191.9729 180.3677 173.8865 164.3211 172.3619 225.6649 302.2487 333.5138 310.0418 306.4542 277.8896 256.4361 269.427 337.5784 398.6756 373.7619 329.9691 302.3582 227.8138 290.1452 328.3751 335.6427 371.1638 388.9231 296.4044 321.2043 304.5096 269.1431 213.4649 170.4322
-9999 268.3201 200.1349 304.159 336.072 296.2573 230.1844 143.5745 120.789 125.696 192.705 214.1816 240.6653 290.2195 288.7665 309.4109 264.193 240.7905 280.272 327.0359 385.8895 446.8843 426.1818 425.576 393.251 355.4406 303.9841 288.9622 276.093 205.563 199.5739 217.7705 239.0689 226.8059 212.8969 171.3372 166.2205 169.772 197.7884 246.1462 346.8437 417.0255 407.2991 358.5559 324.8019 339.7278 331.6989 427.419 453.0468 346.7275 269.9257 276.2607 320.5444 316.2394 304.4975 285.562 372.8007 379.6046 287.7726 219.4973 225.4827 185.551 174.1659
-9999 -9999 252.3194 262.0201 335.5665 272.4714 191.3566 145.9517 125 125.276 177.988 258.8217 289.1501 217.6411 270.6388 338.5409 288.6687 309.4363 314.6734 359.5316 368.0058 475.1816 430.3491 328.1036 344.3948 356.4296 303.5767 227.492 219.6421 243.4667 271.2888 304.0005 242.1979 281.7957 257.3522 180.4178 213.3546 171.4656 179.7799 212.5742 290.136 355.0325 450.3167 477.2796 404.0457 419.4118 424.7204 382.1839 374.5418 407.348 336.0216 346.2624 300.1582 283.5912 278.5593 271.1929 282.1125 297.5235 315.894 258.8191 193.4745 177.3188 185.5972
-9999 -9999 290.5254 298.3554 385.4669 300.9783 240.1815 186.854 125.1609 130.6609 192.5482 242.4958 237.7173 192.6335 233.0174 266.0892 236.7731 313.2303 319.9446 359.6852 471.5516 464.9039 395.2453 332.0558 267.9659 244.9994 232.379 249.1863 289.7893 336.8966 339.1106 319.672 316.033 271.0555 188.3478 230.2647 226.6794 203.9219 175.8294 188.4488 311.7112 462.7131 461.1663 439.6971 477.1234 438.7878 412.9185 350.7242 422.7137 429.8984 423.7846 383.0264 324.8832 363.1343 325.8588 291.4912 253.097 229.8248 214.143 212.3005 188.1732 179.6392 236.0936
-9999 -9999 294.7174 326.8682 389.3708 284.6895 265.4522 218.3919 134.3757 132.1473 151.5262 158.0301 172.1643 177.3044 188.5571 190.5515 229.2639 254.271 327.0614 416.9378 504.662 443.1642 384.3051 342.4214 305.7114 254.5916 307.9655 327.3236 303.0113 254.3591 226.7838 212.4426 207.1745 196.2046 228.1357 322.3955 269.7379 201.4088 180.0644 177.8977 251.8685 381.0893 343.5522 335.119 361.3468 337.2848 337.0947 405.7362 442.6147 484.2829 459.3709 398.8092 366.2889 393.8008 396.3039 355.5112 310.2762 310.9081 283.9116 241.9713 232.8138 184.2759 195.3809
-9999 -9999 351.9216 429.4596 412.6101 308.7914 263.323 191.0358 132.1473 133.545 189.7614 175.6455 214.0518 192.2849 206.4245 236.6884 261.4199 350.991 365.9042 395.19 500.867 518.2101 409.6299 327.7663 295.8549 348.7798 375.0464 287.3501 262.1547 300.9327 245.456 286.5979 261.4724 255.5092 243.8662 338.4165 209.2402 194.9044 219.3217 249.0278 234.8727 262.7463 262.7463 271.5337 299.2857 337.0947 423.4718 470.3876 449.0794 522.2568 506.522 421.4001 436.0216 450.8356 463.2542 375.0804 302.0746 252.6542 228.4344 211.1458 211.1458 224.2318 185.9471
-9999 -9999 410.7741 482.2438 389.0174 306.8404 232.8104 167.0723 132.9753 152.1481 213.8848 229.4577 259.0336 210.2346 277.4988 301.023 307.4844 307.0977 397.0429 496.2043 561.4299 455.0854 402.3564 385.5789 366.0261 367.1347 343.3596 336.1771 312.0315 314.2903 284.4146 356.4716 358.5014 319.1803 250.219 316.7811 202.9888 194.9044 203.5943 236.5774 281.8087 277.2741 315.6183 348.7376 397.8718 368.4001 444.3582 552.3534 517.1622 567.5151 521.1029 509.2767 490.2126 468.4534 478.5066 400.9287 323.4479 321.0444 291.9475 276.9767 333.9482 263.9811 193.5722
-9999 -9999 518.4916 441.0578 348.7316 270.6786 231.4133 159.5007 136.9634 197.9772 271.3911 271.7016 295.1228 258.4448 303.7914 348.6518 324.3301 423.2103 440.5118 502.5193 577.1 493.5591 498.6187 499.6699 431.0502 416.5854 392.1587 331.2183 380.6458 307.8395 284.4146 376.8431 410.0641 318.5923 300.5571 350.0187 260.3999 220.2294 203.8369 290.4731 363.9695 391.9035 393.8165 428.076 508.4048 457.4082 517.6837 566.3907 635.1099 599.2286 557.2639 537.0902 522.4212 503.1049 472.6146 403.3508 354.0605 399.3774 381.6224 389.2257 389.8233 276.0653 199.9673
-9999 -9999 455.9163 404.8971 334.4053 249.7163 198.2593 156.4586 141.0535 228.0528 263.0458 335.3015 328.1844 328.0811 343.4954 303.6006 397.395 455.2992 439.5469 505.7819 631.9808 591.4769 629.3824 528.3879 428.5126 382.0956 341.0061 431.2239 411.7503 376.416 312.2281 413.454 359.8636 317.3714 395.3963 424.5417 350.155 271.0298 203.8369 248.7396 283.2976 341.4881 426.6432 547.2737 577.2108 554.7286 563.6793 572.9138 558.8812 560.9453 609.657 572.8681 548.3108 529.2673 486.8702 431.6967 399.0117 364.3333 335.9613 322.505 285.7674 233.6289 197.3466
-9999 -9999 495.1423 398.9333 307.5486 264.8174 226.6602 154.5734 144.8447 186.7614 265.3882 256.0372 285.738 293.2385 263.2087 255.2546 289.9607 334.6683 420.6188 464.9806 582.6361 678.9385 599.439 493.59 428.5242 379.5446 361.9843 471.5614 393.2818 339.5848 367.5125 471.6082 367.1111 401.1328 479.801 509.2442 391.0088 289.8348 237.5992 205.948 222.1107 287.5033 382.0126 441.1051 461.5565 493.8429 526.899 499.0484 494.2227 465.4375 489.7292 542.4025 589.0674 602.495 573.0108 491.9985 467.5597 378.9414 306.456 269.9925 231.5227 205 202.2204
-9999 -9999 493.2273 392.7635 316.9241 267.6343 205.5934 166.9771 149.1933 152.1375 194.236 254.0728 212.5993 207.1025 237.234 293.1219 323.9832 346.8385 355.1419 423.0279 526.8668 653.6962 618.4932 523.585 480.1378 410.4629 385.2712 420.0941 358.9147 429.2225 485.8947 521.6031 410.9188 415.086 519.1505 478.6754 459.8513 382.5576 320.5355 248.9332 216.4448 257.7935 319.354 344.3264 372.8862 407.2803 454.2039 416.0941 408.3494 386.8448 431.6525 452.2226 484.3373 521.1877 601.4404 576.1297 513.6719 384.1393 307.3761 246.0943 211.2655 210.6317 207.6776
-9999 -9999 423.466 348.3491 290.9093 273.0345 233.855 173.2482 151.0042 179.3363 177.062 182.1471 207.1025 263.5304 323.2708 364.5506 416.1638 462.6863 436.8031 444.4505 538.8127 646.5795 723.366 577.9177 490.3517 481.9347 435.3542 396.4402 420.5334 466.6727 492.8693 498.3365 523.0258 545.6315 537.4811 442.4509 377.0785 357.0609 344.9587 232.2652 222.9878 240.8809 290.0326 287.159 327.0203 375.479 388.106 357.2248 340.7487 346.2326 362.0604 386.0271 418.426 455.7715 513.7204 461.7457 415.3946 375.4807 308.5086 232.5639 217.2023 216.6059 214.7086
-9999 -9999 326.8403 296.1628 300.2835 256.9377 204.5444 179.0786 155.9597 254.8833 189.2598 180.397 240.2969 310.5427 312.0891 399.9778 476.7418 563.8312 554.6396 464.4065 512.9929 569.5355 697.4583 581.0808 541.5002 487.6081 447.4941 417.5213 416.2942 398.0252 383.0198 381.0591 441.2925 427.649 452.5375 491.2215 419.0138 317.3398 276.4654 251.653 284.2079 228.3993 238.7285 295.1742 350.4825 387.7728 361.6638 326.395 305.2181 343.8871 343.8871 375.8849 392.597 404.6106 421.8057 404.783 365.175 378.5289 291.5303 226.6276 225.6751 223.3111 220.5993
-9999 -9999 323.8702 264.1508 228.0098 266.2104 242.952 181.0791 157.8015 229.5207 237.6902 181.44 212.774 241.7612 325.234 374.0339 486.3755 512.3834 649.4571 531.1061 636.9524 624.8985 636.6759 653.5414 554.6357 502.6079 491.9783 435.5315 394.5946 386.6739 378.9531 343.5596 347.6375 360.2529 416.0881 391.11 384.1561 285.2433 262.5551 295.9785 331.147 257.1465 235.3156 245.5104 281.6937 317.0663 305.9254 298.7202 333.3702 398.5068 370.3474 414.2604 417.1612 348.2147 328.9223 319.5028 330.2177 339.5024 241.2946 232.6905 235.4292 229.1792 228.3076
-9999 -9999 411.1256 327.675 279.8563 212.1337 197.327 185.499 157.8015 228.2916 294.5049 240.9314 187.9152 263.3405 327.7574 472.393 522.1739 645.0865 650.1786 642.2079 672.2073 719.6422 674.197 653.8439 606.3629 547.4499 508.7178 432.5813 389.2666 350.8658 335.094 323.1317 314.0542 298.9352 288.987 281.5618 279.0707 266.8813 320.9592 345.2382 320.4129 280.2868 249.0828 248.565 249.9855 256.3665 271.7242 288.7798 328.6052 425.5937 391.5176 380.7449 436.7105 363.6418 306.8994 273.1569 276.8921 260.1637 238.3885 242.2419 244.4097 237.9444 249.2499
