DownloadStableBinariesAndSampleData/SampleGHG/watershed/GHG_Slope_ST.asc
ncols        147
nrows        125
xllcorner    327780.046775160010
yllcorner    245700.024456009970
cellsize     500.000000000000
NODATA_value  -9999
[rows 90 to 107 of 125, columns 0 to 40 of 147]
0.1482616662979126 0.093551672995090485 0.035566102713346481 0.00084341899491846561 0.0084750019013881683 0.096398323774337769 8.0000001068114557e-010 0.16362276673316956 0.063966669142246246 0.010221661999821663 4.0000000534057278e-010 0.018751660361886024 0.049787778407335281 0.024361664429306984 0.0028972243890166283 0.0035618550609797239 0.014540000818669796 0.027343330904841423 0.026774600148200989 0.019195003435015678 0.028922779485583305 0.01058611273765564 0.016326701268553734 0.0074983281083405018 0.0069001815281808376 0.012348335236310959 0.013512809760868549 0.1236950010061264 0.012819998897612095 8.0000001068114557e-010 1.1999999882661427e-009 0.011824995279312134 0.011446879245340824 0.023680007085204124 0.0040349960327148438 0.0041666640900075436 0.0034250030294060707 0.0010000000474974513 0.032468337565660477 0.047914445400238037 0.029249999672174454
0 0.016406668350100517 8.0000001068114557e-010 0.0020738868042826653 0.0084333326667547226 0.012958887033164501 0.029562223702669144 0.1492866724729538 0.22531333565711975 0.004090555477887392 4.0000000534057278e-010 0.0089827748015522957 0.0013716659741476178 0.00039558688877150416 0.0004194412031210959 0.009466671384871006 0.0081541193649172783 0.0065383338369429111 0.026186665520071983 0.010685951448976994 0.0091127734631299973 0.0037142715882509947 0.01970277726650238 8.0000001068114557e-010 0.012166106142103672 0.037932220846414566 0.064643882215023041 0.032352220267057419 0.047208335250616074 0.058683890849351883 0.02028944343328476 0.033575005829334259 0.017787275835871696 0.016165001317858696 0.0039383317343890667 0.0055266646668314934 0.0080566639080643654 0.0010000000474974513 0.018823333084583282 0.10297555476427078 1.1999999882661427e-009
0.021203337237238884 0.01319815032184124 0.0071638878434896469 0.00042389100417494774 4.0000000534057278e-010 4.0000000534057278e-010 8.0000001068114557e-010 0.025801673531532288 0.11514554172754288 0.07345888763666153 8.0000001068114557e-010 0.0097494423389434814 0.0043805581517517567 0.0034813242964446545 0.0058666686527431011 0.018578892573714256 0.0076897861436009407 0.0065677757374942303 0.053897254168987274 0.073856666684150696 0.0025711210910230875 0.012326664291322231 0.0064048185013234615 0.0053418008610606194 0.014488331042230129 0.037615556269884109 0.018076792359352112 0.0055955694988369942 0.016141662374138832 0.033410791307687759 0.037890557199716568 0.015370536595582962 0.0096044754609465599 0.015766913071274757 0.010061668232083321 0.0084133381024003029 0.013276664540171623 0.0020000000949949026 0.073723889887332916 0.02969730831682682 0.0063981423154473305
0.00608832947909832 0.0005566683248616755 4.0000000534057278e-010 2.9999999706653568e-010 0.0012666682014241815 6.6667897044681013e-005 0.00017500309331808239 0.0064133238047361374 2.9999999706653568e-010 0.0058599947951734066 0.0114549919962883 0.0054871430620551109 0.00097722234204411507 0.0054866676218807697 0.0025216620415449142 0.012471668422222137 0.03516000509262085 0.0058377762325108051 0.061118330806493759 4.0000000534057278e-010 0.0084716668352484703 0.0062441425397992134 0.00045166778727434576 0.0065016672015190125 0.010660000145435333 0.0072583314031362534 0.011361671611666679 0.0042816619388759136 0.00028166960692033172 0.033846672624349594 0.026099991053342819 0.02419833280146122 0.010833269916474819 0.028453338891267776 9.9945000329171307e-006 0.0060200043953955173 0.01697000116109848 0.0020000000949949026 0.047641679644584656 0.026075739413499832 0.0092833256348967552
0.050174441188573837 0.20790833234786987 0.17238166928291321 0.11128499358892441 0.067591667175292969 0.052443888038396835 0.013535552658140659 0.0065654818899929523 0.002875547157600522 4.0000000534057278e-010 2.9999999706653568e-010 0.0067211058922111988 0.0049611344002187252 0.0092822229489684105 2.9999999706653568e-010 0.0063305539079010487 0.019849997013807297 0.016055554151535034 0.016963332891464233 8.0000001068114557e-010 0.016532221809029579 0.01306111179292202 0.038688331842422485 0.0084361778572201729 0.0097494302317500114 0.034515555948019028 0.030703330412507057 0.031352225691080093 0.031526666134595871 0.038341298699378967 0.027736656367778778 0.022940898314118385 0.046174436807632446 0.064411669969558716 0.0039900057017803192 0.0095608746632933617 0.022303329780697823 0.0020000000949949026 0.0039244447834789753 0.090378329157829285 0.13858002424240112
0 0.0031522216740995646 0.16628333926200867 0.074833892285823822 0.010119877755641937 0.10824666172266006 0.0044661103747785091 0.004622909240424633 0.015741106122732162 2.9999999706653568e-010 0.0063966624438762665 2.9999999706653568e-010 0.0062099932692945004 0.0034866675268858671 0.0069288862869143486 8.0000001068114557e-010 4.0000000534057278e-010 0.00051000050734728575 0.001659995992667973 0.0050666695460677147 0.016536662355065346 0.03672611340880394 0.034885898232460022 0.021714996546506882 0.018681365996599197 0.040140487253665924 0.036145545542240143 0.10061110556125641 0.094696670770645142 0.11136054992675781 0.1948683112859726 0.063341662287712097 0.23681500554084778 0.18441274762153625 0.0060000000521540642 0.014168063178658485 0.024769162759184837 0.028175003826618195 0.041177216917276382 0.032991640269756317 0.097629442811012268
0.04925333708524704 0.081808723509311676 0.17806482315063477 0.13782572746276855 0.085908330976963043 0.029766442254185677 0.015241115354001522 0.0096172206103801727 0.0057841269299387932 0.016186660155653954 2.9999999706653568e-010 0.0024499960709363222 0.0064016599208116531 0.010390930809080601 0.00025259520043618977 0.0016588898142799735 0.0033933317754417658 0.0037488900125026703 0.0017056998331099749 0.010288333520293236 0.008838835172355175 0.021736668422818184 0.10397999733686447 0.010024444200098515 0.027446670457720757 0.044646721333265305 0.10799501091241837 0.22668664157390594 0.34049665927886963 0.31101000308990479 0.48708999156951904 0.06705833226442337 0.26035001873970032 0.21364876627922058 0.20647500455379486 0.0056568542495369911 0.021331664174795151 0.021024994552135468 0.014018389396369457 0.016699997708201408 0.019157484173774719
0.0048861084505915642 0.10314000397920609 0.090313643217086792 0.12873037159442902 0.056458335369825363 0.019410556182265282 0.00062146707205101848 8.0000001068114557e-010 0.0013094444293528795 0.0074348300695419312 0.015371661633253098 4.0000000534057278e-010 4.0000000534057278e-010 0.011256659403443336 0.0059483288787305355 0.00053110730368643999 0.0042716618627309799 0.00070081767626106739 0.0086861113086342812 0.013779154978692532 0.011307421140372753 0.013461347669363022 0.040544450283050537 0.028223900124430656 0.041354745626449585 0.074907355010509491 0.29280775785446167 0.25156265497207642 0.44718834757804871 0.20148107409477234 0.3101162314414978 0.30816501379013062 0.28037941455841064 0.051303349435329437 0.30643054842948914 0.003617782611399889 0.046798888593912125 0.14521333575248718 0.067175552248954773 0.032517869025468826 0.01792987622320652
0 0.0038894424214959145 0.062065556645393372 0.16019776463508606 0.018539996817708015 0.00061636092141270638 0.0027438888791948557 0.0025250015314668417 0.00026712869293987751 0.0051650009118020535 0.012681659311056137 4.0000000534057278e-010 2.9999999706653568e-010 0.0067883296869695187 1.1999999882661427e-009 4.0000000534057278e-010 4.0000000534057278e-010 0.010954995639622211 0.011252820491790771 0.011897857300937176 0.016090003773570061 0.016107110306620598 0.014165312051773071 0.027357224375009537 0.053842224180698395 0.2156388908624649 0.36925432085990906 0.28600835800170898 0.31129315495491028 0.3934384286403656 0.13079234957695007 0.29032331705093384 0.17558480799198151 0.29724776744842529 0.30660426616668701 0.21701887249946594 0.0059271226637065411 0.42313501238822937 0.26323056221008301 0.16321499645709991 0.072820007801055908
0.097861111164093018 0.0044555538333952427 0.034997221082448959 0.0064966659992933273 0.0039527271874248981 0.0060583329759538174 0.0064599970355629921 0.0067449966445565224 0.0078499959781765938 0.0064649968408048153 0.0064149973914027214 2.9999999706653568e-010 0.13131999969482422 0.034041669219732285 0.0052766636945307255 0.0056016640737652779 0.0088616656139492989 0.0068636471405625343 0.0095266643911600113 0.0094733387231826782 0.011843330226838589 0.018454995006322861 0.012317799031734467 0.021331047639250755 0.04006335511803627 0.31957167387008667 0.43719890713691711 0.56425005197525024 0.29537999629974365 0.40047228336334229 0.17795830965042114 0.20752643048763275 0.48940497636795044 0.25499334931373596 0.19479259848594666 0.38261833786964417 0.012418335303664207 0.01414213515818119 0.29983499646186829 0.25132110714912415 0.15561830997467041
0.10002999752759933 8.0000001068114557e-010 4.0000000534057278e-010 0.0024855560623109341 0.0017883301479741931 2.9999999706653568e-010 4.0000000534057278e-010 4.0000000534057278e-010 4.0000000534057278e-010 4.0000000534057278e-010 4.0000000534057278e-010 0.0094977719709277153 0.021161109209060669 0.020499026402831078 0.012448334135115147 0.011404998600482941 0.060296662151813507 0.037446111440658569 0.0070694978348910809 0.010785556398332119 0.0095622176304459572 0.02098332904279232 0.018647780641913414 0.015547312796115875 0.031157776713371277 0.036495011299848557 0.10201943665742874 0.09758053719997406 0.061505034565925598 0.37285223603248596 0.24282592535018921 0.29292207956314087 0.38507500290870667 0.27482056617736816 0.18662835657596588 0.17705009877681732 0.097402222454547882 0.012432114221155643 0.088814452290534973 0.2516549825668335 0.27253997325897217
0 0.0016855583526194096 0.0085599999874830246 0.0057432777248322964 8.0000001068114557e-010 4.0000000534057278e-010 4.0000000534057278e-010 0.0029016626067459583 0.015602773055434227 2.9999999706653568e-010 0.015546661801636219 0.0058689829893410206 1.1999999882661427e-009 0.0089233312755823135 0.0069916648790240288 0.0052044447511434555 0.0092136003077030182 0.033293891698122025 0.034662220627069473 0.049448326230049133 0.016582045704126358 0.020946074277162552 0.024913879111409187 0.039591111242771149 0.034922040998935699 0.15138888359069824 0.21591229736804962 0.21882914006710052 0.2150416225194931 0.085601180791854858 0.19808050990104675 0.20337945222854614 0.011678894050419331 0.23608887195587158 0.20223253965377808 0.29621666669845581 0.30869445204734802 0.031741652637720108 0.01414213515818119 0.30458056926727295 0.32651245594024658
0.0091155543923377991 0.0083999978378415108 0.0058972705155611038 0.0057228477671742439 0.0063999965786933899 0.012096663005650043 0.0049566631205379963 0.018613334745168686 0.0044029150158166885 0.0056099975481629372 0.005419969093054533 0.005683334544301033 0.0097483322024345398 0.017355935648083687 0.011279529891908169 0.008502960205078125 0.011816147714853287 0.012138670310378075 0.20971500873565674 0.036752656102180481 0.071217775344848633 0.025013502687215805 0.06104167178273201 0.14000168442726135 0.020384714007377625 0.22930832207202911 0.28146165609359741 0.21491372585296631 0.41613337397575378 0.40499499440193176 0.38298434019088745 0.4422982931137085 0.54935336112976074 0.48310109972953796 0.32031500339508057 1.1999999882661427e-009 0.070000000298023224 8.0000001068114557e-010 1.1999999882661427e-009 0.11742666363716125 0.22102077305316925
0.0029555549845099449 0.0016522724181413651 0.00058807601453736424 8.0000001068114557e-010 0.012956668622791767 0.013681666925549507 0.0026105577126145363 0.0084261093288660049 0.020955555140972137 0.0204144436866045 0.0082100024446845055 0.0080492338165640831 0.027488334104418755 0.023087037727236748 0.038911119103431702 0.044932778924703598 0.021668108180165291 0.087687782943248749 0.017766840755939484 0.26716223359107971 0.028134608641266823 0.059968903660774231 0.1460110992193222 0.18904386460781097 0.0094955600798130035 0.23711445927619934 0.37853944301605225 0.40042942762374878 0.32856547832489014 0.44543638825416565 0.46298870444297791 0.28934335708618164 0.36410441994667053 0.16034722328186035 0.0076155313290655613 0.077704466879367828 0.31734278798103333 0.29966497421264648 0.076697230339050293 0.013883648440241814 0.16862387955188751
0 0.0019316673278808594 0.00081499858060851693 0.0069833323359489441 0.0010429832618683577 0.024391662329435349 0.025023886933922768 0.016954848542809486 0.024316620081663132 0.02250092476606369 0.013134998269379139 0.024716667830944061 0.10802055895328522 0.077423334121704102 0.034063301980495453 0.011070149950683117 0.15676499903202057 0.16972555220127106 0.006673889234662056 0.027701660990715027 0.14301888644695282 0.061782762408256531 0.27475002408027649 0.17763543128967285 0.1245233342051506 0.079638689756393433 0.24235443770885468 0.44012999534606934 0.31201830506324768 0.28473004698753357 0.30531162023544312 0.10613778978586197 0.023050567135214806 8.0000001068114557e-010 0.048358336091041565 0.22003500163555145 0.56772106885910034 0.3345678448677063 0.17751610279083252 1.1999999882661427e-009 0.0089988848194479942
0.0045827752910554409 0.0049599600024521351 0.00074010412208735943 0.010195000097155571 0.024044997990131378 0.029714982956647873 0.043167222291231155 0.030800003558397293 0.019981658086180687 0.060118332505226135 0.011265003122389317 0.064471662044525146 0.255616694688797 0.031115438789129257 0.0823688805103302 0.072822786867618561 0.030229602009057999 0.09021739661693573 0.05378500372171402 0.029686702415347099 0.037673339247703552 0.30754998326301575 0.28720498085021973 0.27341461181640625 0.29781830310821533 1.1999999882661427e-009 0.33955663442611694 0.42484173178672791 0.49868312478065491 0.58330166339874268 0.32420167326927185 0.010475399903953075 0.13094110786914825 0.14370666444301605 0.088200971484184265 0.52622997760772705 0.388459712266922 0.28904718160629272 0.31391102075576782 0.37502887845039368 0.089231662452220917
0 0.0059027788229286671 0.007599441334605217 0.023820552974939346 0.02107531763613224 0.032218139618635178 0.034891001880168915 0.063304997980594635 0.15930221974849701 0.093908883631229401 0.31972834467887878 0.0084188878536224365 0.19506166875362396 0.12650498747825623 0.16934390366077423 0.14009054005146027 0.088821671903133392 0.14480210840702057 0.16863556206226349 0.10187499970197678 0.16900110244750977 0.025448378175497055 0.095057219266891479 0.24451333284378052 0.4015612006187439 0.33073499798774719 0.14743098616600037 0.44990608096122742 0.47008439898490906 0.2704777717590332 0.15162335336208344 0.11720830947160721 0.32873395085334778 0.2187933623790741 0.11818335205316544 0.40786772966384888 0.46872380375862122 0.48047333955764771 0.456117182970047 0.25587797164916992 0.14259108901023865
0.012501667253673077 0.0065603773109614849 0.026958892121911049 0.036157120019197464 0.052065003663301468 0.072085604071617126 0.12144222855567932 0.045734483748674393 0.3189283013343811 0.22673778235912323 0.079974174499511719 0.29954278469085693 0.038380973041057587 0.16772665083408356 0.31273722648620605 0.31930887699127197 0.35511499643325806 0.050063949078321457 0.17616388201713562 0.1693483293056488 0.26035237312316895 0.11234887689352036 0.091175928711891174 0.080150946974754333 0.24713329970836639 0.35004833340644836 0.32296887040138245 0.33028209209442139 0.30020830035209656 0.51726281642913818 0.029530750587582588 0.18489502370357513 0.60948550701141357 0.26910004019737244 0.22412164509296417 0.3226378858089447 0.38822674751281738 0.43760383129119873 0.18813836574554443 0.2244376540184021 0.19972939789295197
