DownloadStableBinariesAndSampleData/SampleGHG/watershed/GHG_Slope_ST.asc
ncols        147
nrows        125
xllcorner    327780.046775160010
yllcorner    245700.024456009970
cellsize     500.000000000000
NODATA_value  -9999
[rows 36 to 53 of 125, columns 82 to 122 of 147]
0.280058354139328 0.056536134332418442 0.081983335316181183 0.011774509213864803 0.011198605410754681 0.079200014472007751 0.004855011124163866 0.020290007814764977 0.029336670413613319 0.053448304533958435 0.17444887757301331 0.14650164544582367 0.024364542216062546 0.0057583311572670937 0.011839996092021465 0.02867666631937027 0.15985000133514404 0.10250961780548096 0.035991698503494263 0.41999667882919312 0.3042432963848114 0.2496366947889328 0.020408688113093376 0.15834720432758331 0.40237164497375488 0.39501109719276428 0.41403886675834656 0.36154159903526306 0.077270686626434326 0.056292235851287842 0.2171332985162735 1.1999999882661427e-009 0.21353664994239807 0.37646275758743286 0.085881680250167847 0.15549986064434052 0.27621331810951233 0.35914385318756104 0.24377502501010895 0.076301634311676025 0.12979651987552643
0.0024672241415828466 0.00089608639245852828 8.0000001068114557e-010 0.030638335272669792 0.063968323171138763 0.016646118834614754 0.0065549928694963455 0.027361083775758743 0.082444973289966583 0.1093049943447113 0.069456115365028381 0.014466232620179653 0.15694165229797363 0.16501498222351074 0.051258880645036697 0.11170666664838791 0.13100019097328186 0.16515280306339264 4.0000000534057278e-010 0.31798887252807617 0.21798834204673767 0.14577160775661469 0.068319424986839294 8.0000001068114557e-010 0.14463724195957184 0.19918222725391388 0.180400550365448 0.13989990949630737 0.090799465775489807 0.010754678398370743 0.19254998862743378 0.0061616809107363224 0.042597778141498566 0.080343045294284821 0.03201775997877121 0.019073331728577614 0.090690553188323975 0.10214473307132721 0.35173222422599792 0.030603332445025444 0.046973917633295059
0.036911681294441223 0.0020765210501849651 0.021908916532993317 0.023975640535354614 0.024917205795645714 0.10015832632780075 0.003323388984426856 0.0047177732922136784 0.026931121945381165 0.037741847336292267 8.0000001068114557e-010 0.096007227897644043 0.10289346426725388 0.052797321230173111 0.11306598037481308 0.10258001834154129 0.078829050064086914 0.082051694393157959 8.0000001068114557e-010 0.34844502806663513 0.087990023195743561 0.11648876219987869 0.10409777611494064 0.14593742787837982 0.077300921082496643 0.067916683852672577 0.070152223110198975 0.12659832835197449 0.045073330402374268 0.029978882521390915 0.0048016966320574284 8.0000001068114557e-010 0.012114440090954304 0.18042224645614624 1.1999999882661427e-009 8.0000001068114557e-010 0.037483885884284973 0.19111999869346619 0.1356339156627655 0.14859497547149658 0.27342793345451355
0.11867166310548782 0.035598360002040863 0.058196656405925751 0.022235000506043434 0.0037170257419347763 0.05992666631937027 0.026669705286622047 0.013016677461564541 0.010539415292441845 0.024156676605343819 0.066095001995563507 0.13216297328472137 0.044376648962497711 0.064854666590690613 0.16021502017974854 4.0000000534057278e-010 0.097568325698375702 0.095092892646789551 0.15900331735610962 0.21119864284992218 0.17716784775257111 0.42989170551300049 0.0011101403506472707 0.39429333806037903 0.054785065352916718 0.038511108607053757 0.038100004196166992 0.014570006169378757 2.9999999706653568e-010 0.0008000166853889823 0.00025497440947219729 0.0033366698771715164 0.091051667928695679 0.12799026072025299 0.0047596124932169914 0.31140223145484924 0.21070165932178497 0.13111056387424469 0.055985014885663986 0.063273131847381592 0.23543164134025574
0.080267757177352905 0.0533280149102211 0.13270168006420135 0.010976669378578663 0.0093656256794929504 0.041066102683544159 0.030744995921850204 0.0021814291831105947 0.090347215533256531 0.15891833603382111 0.11480586975812912 0.14121776819229126 0.033678341656923294 0.083387233316898346 8.0000001068114557e-010 1.1999999882661427e-009 0.043079987168312073 0.18101385235786438 2.9999999706653568e-010 0.16350165009498596 0.1824488490819931 0.13599079847335815 0.1065249890089035 1.1999999882661427e-009 0.031441129744052887 0.0036222229246050119 1.1999999882661427e-009 8.0000001068114557e-010 4.0000000534057278e-010 0.065334990620613098 0.097336672246456146 0.10745888948440552 0.15123876929283142 8.0000001068114557e-010 0.028000578284263611 0.13408331573009491 4.0000000534057278e-010 0.089113891124725342 8.0000001068114557e-010 0.051551666110754013 0.044581115245819092
4.0000000534057278e-010 0.11912386864423752 0.11059112846851349 0.0088833309710025787 0.03360665962100029 0.0096244504675269127 0.006504204124212265 0.098156645894050598 0.086724668741226196 0.074813872575759888 0.074479550123214722 0.081695005297660828 4.0000000534057278e-010 0.052348874509334564 0.10708660632371902 0.069599978625774384 0.15031334757804871 0.082114741206169128 0.080524995923042297 4.0000000534057278e-010 8.0000001068114557e-010 0.061454653739929199 0.14525778591632843 0.31652995944023132 0.036286652088165283 0.00031335451058112085 0.00022157510102260858 1.1999999882661427e-009 4.0000000534057278e-010 0.0025361008010804653 1.1999999882661427e-009 0.0045972280204296112 0.12027609348297119 4.0000000534057278e-010 0.025040006265044212 0.065794982016086578 2.9999999706653568e-010 0.057949978858232498 0.1979089081287384 0.10484036058187485 0.13699169456958771
4.0000000534057278e-010 0.047554440796375275 0.035440001636743546 0.0018566589569672942 0.0063933408819139004 0.0036066588945686817 0.15298499166965485 0.073249191045761108 0.067428894340991974 8.0000001068114557e-010 0.10294723510742187 0.015558348037302494 1.1999999882661427e-009 0.018366668373346329 0.13150665163993835 0.010490020737051964 0.022993938997387886 0.080683320760726929 0.038798339664936066 0.050578571856021881 0.095338895916938782 0.061246056109666824 0.056726668030023575 0.3021138608455658 0.29869335889816284 0.026836639270186424 0.31131336092948914 0.10666998475790024 0.30575999617576599 0.21737390756607056 0.17943389713764191 0.20407998561859131 0.089829668402671814 0.066571652889251709 0.058016937226057053 8.0000001068114557e-010 4.0000000534057278e-010 0.079726651310920715 0.10944833606481552 0.11450836062431335 0.036004424095153809
4.0000000534057278e-010 0.038942229002714157 0.023264983668923378 0.0081433411687612534 0.048687774688005447 0.12177777290344238 0.082471035420894623 0.061861246824264526 0.039831113070249557 0.050427321344614029 0.11588000506162643 0.062116183340549469 0.035998322069644928 0.1007501482963562 0.10683164745569229 0.0059660086408257484 0.035360563546419144 0.14940163493156433 0.053976211696863174 0.09954833984375 0.044264998286962509 0.087151654064655304 0.015024993568658829 0.023106109350919724 0.056498322635889053 0.014526331797242165 0.046394441276788712 0.38060888648033142 0.38304832577705383 0.32483947277069092 0.41452503204345703 0.42277112603187561 0.37575331330299377 0.45219004154205322 0.3731711208820343 0.32855498790740967 0.19687829911708832 0.21952109038829803 0.082782775163650513 0.04676278680562973 1.1999999882661427e-009
8.0000001068114557e-010 0.039067216217517853 0.020030563697218895 0.00092500308528542519 0.086266115307807922 0.036959297955036163 0.050353333353996277 0.027075560763478279 8.0000001068114557e-010 0.030394988134503365 0.13124777376651764 0.071811392903327942 0.053516663610935211 0.16297389566898346 0.024551117792725563 0.1031322181224823 0.083914726972579956 0.092078268527984619 0.085508346557617188 0.025008799508213997 0.01999112032353878 0.0065572457388043404 0.0045983274467289448 0.0029168264009058475 0.0055899964645504951 0.040168333798646927 0.18675442039966583 0.16195103526115417 0.11023443937301636 0.066508881747722626 0.12750500440597534 0.17519670724868774 0.15224555134773254 0.36561498045921326 0.17120784521102905 0.060831964015960693 0.28300726413726807 0.3407655656337738 0.25825858116149902 0.33469164371490479 0.043842196464538574
1.1999999882661427e-009 0.083885006606578827 0.022120010107755661 0.0066849975846707821 0.040461104363203049 0.075887471437454224 0.047751661390066147 0.037783071398735046 0.10082611441612244 0.13316170871257782 0.022972727194428444 0.10585998743772507 0.0038749529048800468 0.11758667230606079 0.00031230479362420738 0.12294334173202515 0.091088347136974335 0.042626749724149704 0.025728076696395874 0.023948334157466888 0.004822462797164917 0.0093444138765335083 0.0074882474727928638 0.012990005314350128 0.07572830468416214 0.14577999711036682 0.12828685343265533 0.11020999401807785 0.0014142135623842478 0.026954986155033112 0.0088600162416696548 0.1230333223938942 0.0082802362740039825 0.016000000759959221 0.1221650093793869 0.2180861234664917 0.27377998828887939 0.22566607594490051 0.28677666187286377 0.013965358957648277 0.36092004179954529
0.042782757431268692 0.05545942485332489 0.09227888286113739 0.0023944396525621414 0.00039500428829342127 0.034547224640846252 0.011660004034638405 0.043823316693305969 0.057659454643726349 0.034797105938196182 0.028361676260828972 0.094810828566551208 0.042683348059654236 0.0070710675790905952 0.096017792820930481 0.099367350339889526 0.0021755273919552565 0.089123353362083435 0.02096833847463131 0.0028178209904581308 0.0020000000949949026 0.0060016782954335213 0.029164994135499001 0.035231657326221466 0.07216731458902359 0.064483031630516052 0.13052056729793549 0.0043166656978428364 0.0066974782384932041 0.044623900204896927 0.18395999073982239 0.00033585849450901151 0.010679474100470543 0.00103054812643677 0.02199999988079071 0.0049238894134759903 0.002471099840477109 0.010577240027487278 0.010027770884335041 0.017838317900896072 0.31385114789009094
2.9999999706653568e-010 4.0000000534057278e-010 0.10264497250318527 0.025676116347312927 0.0067886179313063622 0.014759445562958717 0.018819991499185562 0.015031661838293076 0.019006103277206421 0.042596649378538132 0.090713545680046082 0.057722229510545731 0.014130004681646824 0.085058346390724182 0.10646827518939972 0.11826498061418533 0.060686271637678146 0.12343556433916092 0.0016675963997840881 0.003361663781106472 0.0046938932500779629 0.067391112446784973 0.087716110050678253 0.07545064389705658 0.041011642664670944 0.059112213551998138 0.027336090803146362 0.005392865277826786 0.032969437539577484 0.11554333567619324 0.072731830179691315 0.17668169736862183 0.026133330538868904 0.0091516720131039619 0.12989279627799988 0.18278442323207855 0.18291665613651276 0.23065222799777985 0.14227332174777985 0.17724999785423279 0.18256634473800659
0.0613577701151371 2.9999999706653568e-010 0.084347762167453766 0.052933637052774429 0.22154666483402252 0.00036166259087622166 1.1999999882661427e-009 0.0068467631936073303 0.01206611655652523 0.02075500413775444 0.047916121780872345 0.033421661704778671 0.0048519289121031761 0.15241168439388275 0.073599204421043396 0.049498353153467178 0.10489500313997269 0.0044166715815663338 0.0047623752616345882 0.0047470433637499809 0.0024041587021201849 0.041968338191509247 0.043981660157442093 0.046468693763017654 0.02219168096780777 0.011406811885535717 0.0052494825795292854 0.037758331745862961 0.030218208208680153 0.067060001194477081 0.04038943350315094 0.085159629583358765 0.071427218616008759 0.17073333263397217 0.014888128265738487 0.038931671530008316 0.063976682722568512 0.056339912116527557 0.10118167102336884 0.023035177960991859 0.33175671100616455
0.15691444277763367 4.0000000534057278e-010 8.0000001068114557e-010 0.050956100225448608 0.038457572460174561 0.12208612263202667 0.1485716849565506 0.023809447884559631 0.0045352973975241184 0.0078333280980587006 0.017157211899757385 0.0093279164284467697 0.18718667328357697 0.053922783583402634 0.076114468276500702 0.034428641200065613 0.10214776545763016 0.00079902331344783306 0.0033316649496555328 0.0052337725646793842 0.020707214251160622 0.076499432325363159 0.038064736872911453 0.030446106567978859 0.004995312076061964 0.0048894500359892845 0.067136108875274658 0.090812534093856812 0.11484667658805847 0.057212788611650467 8.0000001068114557e-010 0.045728329569101334 0.082471095025539398 0.021468939259648323 0.071928896009922028 0.12823110818862915 0.0019080101046711206 0.065492220222949982 0.13486111164093018 0.079810000956058502 0.28507447242736816
0.074963532388210297 0.12721388041973114 0.081393875181674957 0.036402221769094467 0.046725615859031677 0.056182771921157837 0.033129133284091949 0.082862228155136108 0.016291655600070953 0.0028508263640105724 0.0063066710717976093 0.16903999447822571 0.045379754155874252 0.12603335082530975 0.006013946607708931 0.029984436929225922 0.054943781346082687 0.09913499653339386 0.001690002391114831 0.0037908803205937147 0.053139451891183853 0.038279999047517776 0.031163878738880157 0.0072718081064522266 0.03963610902428627 0.057021118700504303 0.054481793195009232 0.0048232502304017544 0.041394401341676712 0.059093870222568512 0.067776188254356384 0.01162602286785841 4.0000000534057278e-010 0.11244500428438187 0.052608337253332138 0.11253838986158371 0.11554501205682755 0.015440080314874649 0.17152057588100433 8.0000001068114557e-010 0.3055649995803833
0.077045001089572906 0.019464286044239998 0.090124987065792084 1.1999999882661427e-009 0.027694990858435631 0.067011654376983643 0.061373341828584671 0.065378323197364807 0.035175003111362457 0.0060245529748499393 0.0055099944584071636 0.1466200053691864 0.018979541957378387 0.083517789840698242 0.057033661752939224 0.071464993059635162 0.085017763078212738 0.083116680383682251 0.0051170941442251205 0.0097516635432839394 0.029538329690694809 0.0066550537012517452 0.0032197008840739727 0.10687666386365891 0.039888672530651093 0.016589906066656113 0.10833999514579773 0.1116766631603241 0.047048337757587433 1.1999999882661427e-009 0.062793336808681488 0.045875001698732376 8.0000001068114557e-010 4.0000000534057278e-010 4.0000000534057278e-010 0.055731657892465591 0.019604519009590149 0.11700167506933212 0.15781833231449127 0.18531262874603271 0.080357998609542847
0.020520567893981934 0.046269439160823822 0.049029983580112457 0.0092383427545428276 0.055105544626712799 0.020149994641542435 0.069936677813529968 0.035703323781490326 0.048788316547870636 0.0063716736622154713 0.001302249962463975 0.1317705363035202 0.048426665365695953 0.019964372739195824 0.035840574651956558 0.0088005373254418373 0.024248251691460609 0.10500612109899521 0.0087183378636837006 0.0043800049461424351 0.0078170709311962128 0.0077911331318318844 0.066472247242927551 0.059077199548482895 0.03805001825094223 0.070436097681522369 0.071873903274536133 0.023307809606194496 0.032873351126909256 0.033864531666040421 0.097153335809707642 0.081197075545787811 1.1999999882661427e-009 0.0069049973972141743 0.077673889696598053 0.0030016850214451551 0.029528290033340454 8.0000001068114557e-010 0.0096983322873711586 0.16657333076000214 0.11016014963388443
0.10528500378131866 0.032557554543018341 0.019870880991220474 0.017706664279103279 0.035843338817358017 0.021758854389190674 0.058105010539293289 0.025690754875540733 0.038413330912590027 0.0018266742117702961 0.045468885451555252 0.041465528309345245 0.0085819242522120476 0.11535446345806122 0.05403827503323555 0.018304631114006042 0.026762755587697029 0.068461120128631592 0.0061116637662053108 0.0033964668400585651 0.0051433411426842213 0.0087115606293082237 0.058710023760795593 0.082738861441612244 8.0000001068114557e-010 0.015143862925469875 0.076408356428146362 0.049516662955284119 0.029426252469420433 0.040319442749023438 0.0033084768801927567 0.13201946020126343 0.038187224417924881 0.078826658427715302 0.033584412187337875 0.075525544583797455 0.077286653220653534 0.060483887791633606 0.10659477114677429 0.26985549926757813 0.29314720630645752
