DownloadStableBinariesAndSampleData/SampleGHG/watershed/GHG_Slope_ST.asc
ncols        147
nrows        125
xllcorner    327780.046775160010
yllcorner    245700.024456009970
cellsize     500.000000000000
NODATA_value  -9999
[rows 54 to 71 of 125, columns 41 to 81 of 147]
0.20644006133079529 0.29526892304420471 0.13843894004821777 0.25515502691268921 0.31395885348320007 0.36604490876197815 0.37415221333503723 0.4720766544342041 0.34879490733146667 0.36187645792961121 0.16534508764743805 0.11536172777414322 0.36398607492446899 0.22524267435073853 0.17637558281421661 0.20911665260791779 0.3669249415397644 0.27187508344650269 0.28729498386383057 0.13707165420055389 0.074695006012916565 0.066068932414054871 0.22570718824863434 0.34913665056228638 0.055594306439161301 0.10881902277469635 0.12868167459964752 0.053421661257743835 0.00065834051929414272 0.01918184757232666 0.076525561511516571 0.039855562150478363 0.075429990887641907 1.1999999882661427e-009 0.0018349429592490196 0.049395006150007248 0.0046766661107540131 0.024953322485089302 0.003513336181640625 0.0051216725260019302 8.0000001068114557e-010
0.25028473138809204 0.29714584350585938 0.36496338248252869 0.39821276068687439 0.19718697667121887 0.18164831399917603 0.23878662288188934 0.29955443739891052 0.19890503585338593 0.35976392030715942 0.36615049839019775 0.40146327018737793 0.28568774461746216 0.30450892448425293 0.17660897970199585 0.25698328018188477 0.28316381573677063 0.35438445210456848 0.093383282423019409 0.26119109988212585 0.39868000149726868 0.27146771550178528 0.36269891262054443 0.083218187093734741 0.11483722180128098 0.08515225350856781 0.034874502569437027 0.068083904683589935 0.030752196907997131 0.028275558724999428 0.0077569517306983471 0.07600720226764679 0.011490873992443085 0.037501111626625061 0.17454998195171356 0.089690610766410828 0.13324110209941864 0.05279691144824028 0.048424988985061646 0.075008898973464966 0.013950561173260212
0.30334293842315674 0.32748347520828247 0.32452502846717834 0.26732495427131653 0.35455614328384399 0.18482165038585663 0.1574862003326416 0.23674890398979187 0.20917628705501556 0.13586264848709106 0.14303222298622131 0.31366834044456482 0.23876756429672241 0.17067773640155792 0.31164830923080444 0.064863279461860657 0.33708557486534119 0.192769855260849 0.2680894136428833 0.15992888808250427 0.11804833263158798 0.056042235344648361 0.2226431667804718 0.26540002226829529 0.21598108112812042 0.058167204260826111 0.070238359272480011 0.013828643597662449 0.022481271997094154 0.071321673691272736 0.035467773675918579 0.0074760876595973969 0.026089996099472046 0.12818001210689545 0.093207679688930511 0.016316486522555351 0.033555570989847183 0.016065077856183052 0.043218351900577545 0.067406512796878815 0.06127389520406723
0.24401786923408508 0.1823769211769104 0.20208913087844849 0.2206939160823822 0.15285642445087433 0.23709668219089508 0.22472777962684631 0.168192058801651 0.31501829624176025 0.29379710555076599 0.21183508634567261 0.15174341201782227 0.21823790669441223 0.08367554098367691 0.088620111346244812 0.13990405201911926 0.29903194308280945 0.13820666074752808 0.262565016746521 0.13319501280784607 0.14539392292499542 8.0000001068114557e-010 0.12542423605918884 0.17694668471813202 0.088404469192028046 0.097415007650852203 0.062635518610477448 0.049148313701152802 0.017988327890634537 0.019960006698966026 0.0047333375550806522 0.011891662143170834 0.0066232243552803993 0.011471649631857872 0.070983335375785828 0.026735547930002213 0.042197234928607941 0.04471166804432869 0.011775298044085503 0.067523345351219177 0.027130506932735443
0.37741398811340332 0.41011053323745728 0.11498068273067474 0.096901118755340576 0.22231945395469666 0.13338500261306763 0.13686327636241913 0.2286895215511322 0.21083292365074158 0.13831061124801636 0.1314227283000946 0.12861877679824829 0.24112841486930847 0.22970776259899139 0.30704835057258606 0.2338043600320816 0.17037622630596161 0.15291891992092133 0.28987723588943481 0.35066327452659607 0.24446722865104675 0.14823669195175171 0.14046941697597504 0.093471676111221313 0.071309447288513184 0.024615539237856865 0.057743120938539505 0.047429174184799194 0.036406170576810837 0.038500785827636719 0.021288329735398293 0.026318904012441635 0.031899977475404739 0.0030977935530245304 0.13114665448665619 8.0000001068114557e-010 0.026031738147139549 0.039996106177568436 0.028209991753101349 0.0033472136128693819 0.036347776651382446
0.2286754697561264 0.23963776230812073 0.22560711205005646 0.17640583217144012 0.12323731184005737 0.11683832108974457 0.11063903570175171 0.052648037672042847 0.096471779048442841 0.12879166007041931 0.13837555050849915 0.1540491133928299 0.15062190592288971 0.15414777398109436 0.034854527562856674 0.3013121485710144 0.25863379240036011 0.2618100643157959 0.41439172625541687 0.42746949195861816 0.29520568251609802 0.19312499463558197 0.27961710095405579 0.39632666110992432 0.29690831899642944 0.029109222814440727 0.096654437482357025 0.048267226666212082 0.096276119351387024 0.043550003319978714 0.067467786371707916 0.038159437477588654 0.0071995286270976067 0.0057555544190108776 0.13721445202827454 0.019067214801907539 0.02690277062356472 1.1999999882661427e-009 0.0015716705238446593 0.00092222599778324366 0.029102768748998642
0.1283378005027771 0.15631498396396637 0.11307995766401291 0.19521059095859528 0.10471896082162857 0.074619993567466736 0.13241052627563477 0.20616333186626434 0.20530140399932861 0.18812328577041626 0.079256035387516022 0.092770017683506012 0.1157333180308342 0.19205999374389648 0.14917333424091339 0.26165661215782166 0.25059840083122253 0.053061645478010178 0.10029003769159317 0.078725703060626984 0.15551160275936127 0.29835674166679382 0.24909332394599915 0.1020103394985199 0.25853946805000305 0.15123166143894196 0.11615333706140518 0.014821670949459076 0.012758564203977585 0.032308332622051239 0.039548341184854507 0.021962735801935196 0.012136672623455524 0.0061388686299324036 0.2000650018453598 0.064061917364597321 0.11546557396650314 0.041118331253528595 0.0393083356320858 0.02034464105963707 0.027526484802365303
0.073917821049690247 0.19418777525424957 0.15401501953601837 0.27719500660896301 0.1114015132188797 0.092104978859424591 0.098862536251544952 0.023405993357300758 0.10627667605876923 8.0000001068114557e-010 0.070766597986221313 0.024136718362569809 0.28097721934318542 0.26800158619880676 0.1457468569278717 0.34644836187362671 0.38474938273429871 0.28181740641593933 0.19479963183403015 0.15211513638496399 0.12982165813446045 0.23537424206733704 0.24450726807117462 0.44831773638725281 0.063843488693237305 0.19454999268054962 0.049295958131551743 0.092708878219127655 0.039089996367692947 0.01143824215978384 0.025726668536663055 0.022322235628962517 0.0032449951395392418 0.073043897747993469 0.25159335136413574 0.095285549759864807 0.025652257725596428 0.10305944830179214 0.042777609080076218 0.040471665561199188 0.0070164618082344532
0.047353364527225494 0.17716942727565765 0.16871500015258789 0.20126943290233612 0.2094791978597641 0.043930023908615112 0.076462283730506897 0.13650894165039063 0.16614672541618347 0.20137445628643036 0.23821441829204559 0.1816934198141098 0.2432883232831955 0.17666202783584595 0.25248664617538452 0.33945563435554504 0.26747667789459229 0.1977933943271637 0.11941388249397278 0.089967772364616394 0.051500000059604645 0.12134425342082977 0.073903664946556091 0.215833380818367 0.21986773610115051 0.1453622430562973 0.039596792310476303 0.058211386203765869 0.060938339680433273 0.026571121066808701 0.0054698595777153969 0.036987230181694031 0.0059783323667943478 0.069013334810733795 0.05145341157913208 0.10312667489051819 0.067274995148181915 0.011023792438209057 0.058769989758729935 0.030017226934432983 0.069668881595134735
0.10558518767356873 0.18126334249973297 0.15898169577121735 0.082000821828842163 0.11275092512369156 0.036470226943492889 0.082643307745456696 0.11850874871015549 0.11972998082637787 0.10240912437438965 0.091887235641479492 0.23167669773101807 0.13019220530986786 0.18127194046974182 0.21734167635440826 0.20685222744941711 0.22052392363548279 0.30004167556762695 0.47818213701248169 0.34820994734764099 0.03882000595331192 0.18556500971317291 0.042395018041133881 0.083776645362377167 0.05935833603143692 0.10036999732255936 0.074033327400684357 0.036078337579965591 0.01618802547454834 0.068794980645179749 0.074471667408943176 0.015949996188282967 0.0037583312951028347 0.039076674729585648 0.046071551740169525 0.085586667060852051 0.13732999563217163 0.05034666508436203 0.005757821723818779 0.0037327860482037067 0.055220000445842743
0.12744723260402679 0.036104869097471237 0.044864989817142487 0.10608831793069839 0.21480174362659454 0.13347168266773224 0.056366626173257828 0.23034225404262543 0.038400225341320038 0.12113498151302338 0.051162309944629669 0.06553659588098526 0.05650610476732254 0.19584551453590393 0.11031923443078995 0.15868334472179413 0.14747889339923859 0.13663330674171448 0.21556584537029266 0.28906053304672241 0.3116849958896637 0.37662053108215332 0.33809050917625427 0.38675999641418457 0.29248055815696716 0.1959289014339447 0.064491666853427887 0.036711417138576508 0.067565552890300751 0.010047991760075092 0.070643328130245209 0.062741100788116455 0.0058949156664311886 0.010923324152827263 0.093767225742340088 0.077170103788375854 0.0072572748176753521 0.044607438147068024 0.074151121079921722 4.0000000534057278e-010 0.093564450740814209
0.18922886252403259 0.17455999553203583 0.037549726665019989 0.052162781357765198 0.15825000405311584 0.124001644551754 0.10598861426115036 0.060628876090049744 0.056240927428007126 0.057708345353603363 0.072035729885101318 0.11376286298036575 0.142535001039505 0.092338375747203827 0.18410833179950714 0.057206898927688599 0.088321968913078308 0.036115538328886032 0.089708924293518066 0.094047553837299347 0.15018358826637268 0.12121667712926865 0.11259167641401291 0.37339168787002563 0.28828054666519165 0.28847941756248474 0.02389078214764595 0.025300679728388786 0.022402770817279816 0.0078233340755105019 0.0099999997764825821 0.0011761520290747285 0.0094850007444620132 0.0001909098937176168 0.004638319369405508 0.28197833895683289 0.11759458482265472 0.0068055144511163235 0.087719447910785675 4.0000000534057278e-010 0.052893903106451035
0.24250388145446777 0.26704224944114685 0.2062399834394455 0.012845776975154877 0.033330000936985016 0.048966675996780396 0.11676830798387527 0.0353553406894207 0.054039463400840759 0.038083594292402267 0.052398581057786942 0.14059500396251678 0.031886979937553406 0.034904997795820236 0.03930499404668808 0.029488341882824898 0.11255664378404617 0.1194300502538681 0.15470831096172333 0.17236001789569855 0.074448332190513611 0.040781676769256592 0.041415009647607803 0.020569991320371628 0.017033340409398079 0.027206664904952049 0.012126662768423557 0.022093338891863823 0.0082955360412597656 0.0089378291741013527 0.021513726562261581 0.017803329974412918 0.013505732640624046 0.019879987463355064 2.9999999706653568e-010 4.0000000534057278e-010 0.15767998993396759 0.047357209026813507 0.052622787654399872 1.1999999882661427e-009 0.062369443476200104
0.0085350032895803452 8.0000001068114557e-010 0.11979212611913681 0.10631387680768967 0.015286468900740147 0.014550003223121166 0.023831665515899658 0.017206665128469467 0.028391662985086441 0.021448882296681404 0.022952789440751076 1.1999999882661427e-009 0.051293883472681046 0.091606110334396362 0.11396502703428268 0.22570666670799255 0.2344813346862793 0.20669674873352051 0.23820111155509949 0.12731415033340454 0.12210552394390106 0.076709695160388947 0.09343237429857254 0.074209988117218018 0.074360549449920654 0.10250167548656464 0.12498334050178528 0.17159165441989899 0.067268893122673035 0.078865006566047668 0.0046142665669322014 0.034327223896980286 0.017573349177837372 0.020752793177962303 0.00010220219701295719 1.1999999882661427e-009 0.072004437446594238 0.019014110788702965 0.05827612429857254 0.0062072142027318478 0.017041122540831566
0.052220616489648819 0.19225165247917175 0.40929332375526428 0.0099999997764825821 0.070000000298023224 0.019424224272370338 0.048687208443880081 0.19313943386077881 0.033908132463693619 0.088079988956451416 0.024324489757418633 0.067235015332698822 0.06949838250875473 0.12579776346683502 0.092285700142383575 0.064019881188869476 0.2331327497959137 0.32503661513328552 0.28744637966156006 0.16379539668560028 0.18223986029624939 0.25442668795585632 0.14989447593688965 0.24166503548622131 0.32402276992797852 0.13396221399307251 0.25007334351539612 0.42316997051239014 0.13831888139247894 0.067104041576385498 0.045671112835407257 0.032088898122310638 0.039729978889226913 0.073271654546260834 0.030636657029390335 0.00077500921906903386 0.01562776230275631 0.016310011968016624 0.058197241276502609 0.025788329541683197 0.031340930610895157
0.11390388756990433 0.063186675310134888 0.1783050000667572 0.0070710675790905952 0.27138501405715942 0.17267665266990662 0.2020827978849411 0.18694685399532318 0.17969998717308044 0.20058852434158325 0.088256105780601501 0.14467501640319824 0.19739113748073578 0.17986755073070526 0.21221332252025604 0.12290051579475403 0.16580043733119965 0.12954504787921906 0.34327560663223267 0.23955169320106506 0.28711503744125366 0.1554684191942215 0.28620550036430359 0.29367497563362122 0.17595840990543365 0.31845611333847046 0.42620331048965454 0.24710357189178467 0.20345333218574524 0.084503307938575745 0.026662638410925865 0.023531662300229073 0.0052100066095590591 0.027345392853021622 0.025125565007328987 0.0097949979826807976 0.12011332809925079 0.043685555458068848 0.067325010895729065 0.0042716674506664276 0.046012222766876221
0.001911160652525723 0.02446388266980648 0.0099999997764825821 0.29955390095710754 0.37642788887023926 0.1469700038433075 0.028100825846195221 0.064623318612575531 0.026093350723385811 0.040807798504829407 0.13934719562530518 0.10984591394662857 0.24922113120555878 0.27045330405235291 0.18298231065273285 0.23927228152751923 0.36481773853302002 0.24565711617469788 0.22085168957710266 0.052131816744804382 0.24273443222045898 0.40664002299308777 0.43102940917015076 0.29415056109428406 0.25683057308197021 0.19024395942687988 0.19288720190525055 0.21704055368900299 0.13952721655368805 0.090075559914112091 0.071814440190792084 8.0000001068114557e-010 0.008792482316493988 0.088548339903354645 0.0046011125668883324 0.0050628869794309139 0.0084400027990341187 0.0081714065745472908 0.0058733290061354637 0.0042472230270504951 0.0048955613747239113
0.06911110132932663 0.32620447874069214 0.29018831253051758 0.12236130237579346 0.012291107326745987 0.22034887969493866 0.10700277239084244 4.0000000534057278e-010 2.9999999706653568e-010 0.011008329689502716 0.049846101552248001 0.10972723364830017 0.12166321277618408 0.086068905889987946 0.19292819499969482 0.16881781816482544 0.25785154104232788 0.34285449981689453 0.25444141030311584 0.18032440543174744 0.22403497993946075 0.0087905274704098701 0.076958805322647095 0.27747932076454163 0.26337888836860657 0.36500388383865356 0.2267799973487854 0.2204975038766861 0.1599157452583313 0.13042333722114563 0.054684996604919434 0.00049665709957480431 0.041071116924285889 0.04341888427734375 0.0049733277410268784 0.0044700009748339653 0.0020000000949949026 0.0048833312466740608 0.0022733511868864298 0.00397119065746665 0.0048805540427565575
