DownloadStableBinariesAndSampleData/SampleGHG/watershed/GHG_Slope_ST.asc
ncols        147
nrows        125
xllcorner    327780.046775160010
yllcorner    245700.024456009970
cellsize     500.000000000000
NODATA_value  -9999
[rows 54 to 71 of 125, columns 82 to 122 of 147]
1.1999999882661427e-009 0.060943342745304108 0.080328322947025299 0.0035708914510905743 0.0042283325456082821 0.050324995070695877 0.014390015974640846 0.023397384211421013 0.016283338889479637 1.1999999882661427e-009 0.041041672229766846 0.0057138125412166119 0.077596664428710938 0.075639210641384125 0.010755553841590881 0.06761334091424942 0.05058327317237854 0.10899334400892258 0.0020000000949949026 0.0040140091441571712 0.0036999969743192196 0.033320005983114243 0.048466268926858902 0.088595002889633179 0.048137206584215164 0.091634742915630341 0.055294431746006012 0.026243332773447037 0.090040542185306549 8.0000001068114557e-010 0.073253892362117767 0.071975231170654297 0.069256395101547241 0.11372500658035278 0.088413909077644348 0.068358354270458221 0.050661683082580566 0.054052766412496567 0.21486498415470123 0.11702996492385864 0.037705015391111374
0.0027086087502539158 0.023480560630559921 0.04029112309217453 0.068946667015552521 0.0020000000949949026 0.052697770297527313 0.034012220799922943 0.026281662285327911 0.0074527878314256668 0.0029498196672648191 0.019451111555099487 0.093569457530975342 0.051576379686594009 0.028569094836711884 0.017529450356960297 0.035402469336986542 0.055059447884559631 0.048697784543037415 0.0077652041800320148 0.012958326376974583 0.012961653061211109 0.028990190476179123 0.10116278380155563 0.045391149818897247 0.066445641219615936 0.10023275762796402 0.036666672676801682 0.033208344131708145 0.021759994328022003 0.035843338817358017 0.026258805766701698 0.056926663964986801 0.060513883829116821 0.0063074007630348206 0.010492767207324505 0.011528884992003441 0.017228333279490471 0.020379455760121346 0.045152701437473297 0.099128328263759613 0.014153918251395226
0.0040922239422798157 0.0023908119183033705 0.007722778245806694 0.084210008382797241 0.0020000000949949026 0.090888902544975281 0.054966095834970474 0.023828901350498199 4.0000000534057278e-010 0.0072533399797976017 0.027067778632044792 0.088600009679794312 8.0000001068114557e-010 0.078087218105792999 0.001206794404424727 0.040323331952095032 0.021600555628538132 0.0087359128519892693 0.011956663802266121 4.0000000534057278e-010 2.9999999706653568e-010 0.040551647543907166 0.11506333947181702 0.059420522302389145 0.057796549052000046 0.029065001755952835 0.0016326273325830698 0.0020244445186108351 0.0048377839848399162 0.0097866673022508621 0.014592223800718784 8.0000001068114557e-010 4.0000000534057278e-010 0.012041670270264149 0.0075627746991813183 8.0000001068114557e-010 0.0045272205024957657 0.0056627807207405567 0.029309997335076332 0.0094681698828935623 0.069736115634441376
0.024083327502012253 0.05215001106262207 0.002940378850325942 0.018380003049969673 0.001999998465180397 0.093980014324188232 0.089506365358829498 0.068001680076122284 1.1999999882661427e-009 0.015780013054609299 0.02466166764497757 0.028578324243426323 0.054785002022981644 0.045681454241275787 0.022923223674297333 0.02121320366859436 0.052833329886198044 0.0094080502167344093 0.0050266571342945099 8.0000001068114557e-010 0.031116651371121407 0.056166660040616989 0.039311110973358154 0.090768344700336456 0.035675004124641418 0.0039067608304321766 0.016156662255525589 0.036096680909395218 0.083772219717502594 0.056208908557891846 0.0035194249358028173 1.1999999882661427e-009 4.0000000534057278e-010 0.036075010895729065 0.18796555697917938 0.14397555589675903 0.18776999413967133 0.19698557257652283 0.011596934869885445 0.021056670695543289 0.070501677691936493
0.017433334141969681 0.001302260672673583 0.073068328201770782 2.9999999706653568e-010 4.0000000534057278e-010 0.060152783989906311 0.068886689841747284 0.15227332711219788 0.0064605409279465675 0.021395003423094749 0.034591127187013626 0.077276669442653656 0.041171286255121231 0.062553875148296356 0.047313902527093887 0.027676666155457497 0.054131101816892624 0.0079749906435608864 0.0024750060401856899 0.004278386477380991 0.054478898644447327 0.03754815086722374 0.02319624274969101 0.029740553349256516 0.00768664525821805 0.0036195956636220217 0.099301666021347046 0.072344101965427399 0.14611667394638062 0.085584670305252075 0.15990835428237915 0.096220001578330994 0.096830017864704132 0.021004218608140945 0.033252790570259094 0.09369330108165741 1.1999999882661427e-009 0.11091362684965134 0.10972335934638977 0.0024524962063878775 0.13160219788551331
0.0098818214610219002 0.043999999761581421 0.02477111853659153 0.0063833300955593586 8.0000001068114557e-010 0.028277786448597908 0.035288162529468536 0.063262224197387695 0.0056994478218257427 0.019952209666371346 0.042620010673999786 0.031670548021793365 0.051906660199165344 0.012718337588012218 0.011677867732942104 0.021062353625893593 0.020113326609134674 0.00493278494104743 0.0025433350820094347 0.011456664651632309 0.011723432689905167 0.031207215040922165 0.012552779167890549 2.9999999706653568e-010 0.0089072249829769135 0.036879990249872208 0.0052757980301976204 0.030411666259169579 0.038858339190483093 0.069092772901058197 0.0051748389378190041 0.008092803880572319 0.15340332686901093 0.079660534858703613 8.0000001068114557e-010 0.15293999016284943 0.039194922894239426 0.0064209084957838058 0.14046667516231537 0.056163329631090164 0.0071508027613162994
0.057914994657039642 0.09958166629076004 0.049412626773118973 0.091461673378944397 0.05555332824587822 0.0093399966135621071 0.068319991230964661 0.0094338832423090935 0.0023927649017423391 0.025639999657869339 0.020360000431537628 0.013074996881186962 0.050555009394884109 0.036778885871171951 0.024138273671269417 0.022828338667750359 0.0047069708816707134 0.0023399963974952698 0.0014142135623842478 0.0058038937859237194 0.010086105205118656 0.0020781080238521099 1.1999999882661427e-009 0.093637220561504364 0.0093094538897275925 0.079146683216094971 0.12359001487493515 0.055485494434833527 0.069246985018253326 8.0000001068114557e-010 0.007653319276869297 0.10249334573745728 0.031037645414471626 0.13964053988456726 4.0000000534057278e-010 0.080632217228412628 0.058458343148231506 0.063056118786334991 0.15613998472690582 0.056561876088380814 0.17209887504577637
0.083536684513092041 0.0070572192780673504 0.026837782934308052 8.0000001068114557e-010 0.078432217240333557 0.00032644878956489265 0.0019866775255650282 0.00041778400191105902 0.0071533201262354851 0.063862226903438568 0.039773967117071152 0.023032037541270256 0.031061243265867233 0.028383346274495125 0.029417220503091812 0.011205672286450863 0.0089177703484892845 0.0056655579246580601 0.0054203676991164684 0.0024556249845772982 0.0031277770176529884 0.10095111280679703 0.13714499771595001 0.039913423359394073 0.067159987986087799 0.03845914825797081 1.1999999882661427e-009 0.073943875730037689 0.033049438148736954 0.096448332071304321 2.9999999706653568e-010 0.025054991245269775 0.1191011369228363 0.18159055709838867 4.0000000534057278e-010 0.15274719893932343 0.10156410187482834 0.042601104825735092 0.10330279916524887 0.07469833642244339 0.21726877987384796
0.11253999173641205 1.1999999882661427e-009 0.022104941308498383 0.026151672005653381 0.062648475170135498 0.11078054457902908 2.9999999706653568e-010 4.0000000534057278e-010 0.033763334155082703 0.066721662878990173 0.046533908694982529 0.076354995369911194 0.044408340007066727 0.027159437537193298 0.016498886048793793 0.013970001600682735 0.0060005891136825085 0.0059144441038370132 0.0058689885772764683 0.0072499997913837433 0.072706118226051331 0.075099989771842957 0.020063756033778191 0.077645570039749146 0.0037590619176626205 0.0079922182485461235 0.094644986093044281 0.061074383556842804 0.0020572205539792776 0.0051080728881061077 0.073048338294029236 2.9999999706653568e-010 0.10238946229219437 0.098790004849433899 0.019705548882484436 0.033653959631919861 0.088110014796257019 1.1999999882661427e-009 0.075847744941711426 0.063346646726131439 0.13182869553565979
0.053824983537197113 0.013216109946370125 0.018587080761790276 0.028569992631673813 0.2199150025844574 0.18335866928100586 0.088001661002635956 1.1999999882661427e-009 0.031106673181056976 0.037058282643556595 0.032497454434633255 0.018328336998820305 2.9999999706653568e-010 4.0000000534057278e-010 0.0057100048288702965 0.0019066620152443647 0.0051833344623446465 0.0017111970810219646 0.039244994521141052 0.070874996483325958 0.0038195592351257801 0.018213333562016487 0.054879989475011826 0.09683334082365036 0.091118350625038147 0.079074464738368988 0.066964983940124512 0.083681672811508179 0.016890533268451691 0.027851104736328125 0.077526010572910309 0.037986662238836288 0.075183115899562836 0.074000000953674316 0.029999999329447746 0.026811124756932259 0.10443835705518723 0.039219968020915985 0.03899691253900528 0.17436669766902924 0.093383334577083588
0.073100022971630096 0.0073011019267141819 0.10694946348667145 0.15860998630523682 0.25687333941459656 0.14932775497436523 0.037146668881177902 0.0023012368474155664 0.012877777218818665 0.026091070845723152 0.016270004212856293 8.0000001068114557e-010 4.0000000534057278e-010 4.0000000534057278e-010 0.0060372143052518368 8.0000001068114557e-010 0.00037666200660169125 0.048134446144104004 0.078627921640872955 0.084850825369358063 0.1036466658115387 8.0000001068114557e-010 0.045904431492090225 0.077441662549972534 0.032027613371610641 0.036294449120759964 0.054624419659376144 0.056137237697839737 0.056764956563711166 0.027064897119998932 0.0063085672445595264 0.087761655449867249 0.0013466491363942623 0.14733389019966125 0.064366668462753296 0.013904462568461895 0.055984467267990112 0.086000286042690277 0.047586336731910706 0.010311980731785297 0.033523913472890854
0.0050122085958719254 0.0048477933742105961 0.03986276313662529 0.17163331806659698 0.038252893835306168 0.19980555772781372 0.015794448554515839 0.0045833280310034752 0.0049206800758838654 0.020014999434351921 0.0027777485083788633 0.0033850097097456455 0.0026705106720328331 0.0039599896408617496 0.010654449462890625 0.041119992733001709 0.03764054924249649 0.039763361215591431 0.073477782309055328 0.032719466835260391 0.041090752929449081 0.038356658071279526 0.010655315592885017 0.0015605469234287739 0.15229889750480652 0.060259979218244553 8.0000001068114557e-010 4.0000000534057278e-010 0.025926114991307259 0.042413298040628433 0.043821655213832855 0.053819872438907623 0.13080166280269623 0.047114916145801544 0.067407228052616119 0.00033612060360610485 0.0020000000949949026 0.080959439277648926 0.050687223672866821 0.066535003483295441 0.010873341932892799
0.051096707582473755 0.024897223338484764 0.069976672530174255 0.037554442882537842 0.13881498575210571 0.029844619333744049 0.041688323020935059 0.04222499206662178 0.007285003550350666 0.0012866669567301869 0.0026705106720328331 0.0019971753936260939 0.0019583434332162142 0.035304993391036987 0.073528900742530823 0.037096403539180756 0.055924452841281891 0.026761673390865326 0.043080471456050873 0.043767552822828293 0.043133512139320374 0.083616666495800018 0.090716108679771423 0.013282226398587227 0.042031660676002502 0.011124450713396072 0.035457216203212738 0.061780545860528946 0.064416110515594482 0.024755405262112617 1.1999999882661427e-009 0.043741665780544281 0.05303332582116127 0.054156675934791565 0.066089995205402374 0.0099999997764825821 0.024755004793405533 0.059635031968355179 0.055451661348342896 0.076444528996944427 0.11840719729661942
0.061568327248096466 0.019411655142903328 0.011755004525184631 0.074184998869895935 0.027311988174915314 8.0000001068114557e-010 0.028971351683139801 0.23455166816711426 0.020946072414517403 0.0086983311921358109 0.0070054652169346809 0.0057494356296956539 0.010673324577510357 0.061260011047124863 0.031910568475723267 0.035277944058179855 0.041641112416982651 0.023230027407407761 0.043951660394668579 0.047246117144823074 0.039900057017803192 0.039678346365690231 0.070567682385444641 0.039523329585790634 0.040395814925432205 0.039901640266180038 0.066294386982917786 0.029149994254112244 0.018531687557697296 0.011881133541464806 0.029231658205389977 0.041776247322559357 8.0000001068114557e-010 0.069764979183673859 0.047517582774162292 0.019999999552965164 0.077951662242412567 0.044904410839080811 0.11457223445177078 0.091420561075210571 1.1999999882661427e-009
0.093541659414768219 0.039551116526126862 0.020773330703377724 0.031946685165166855 0.049343902617692947 0.065717771649360657 0.021458331495523453 0.10792499035596848 0.26015222072601318 4.0000000534057278e-010 0.0088716559112071991 0.018496673554182053 0.017213338986039162 0.066591657698154449 0.034567698836326599 0.084963336586952209 0.018254440277814865 0.023914733901619911 0.020159438252449036 0.094331666827201843 0.085122786462306976 0.021822491660714149 0.094487227499485016 0.0255418810993433 0.039410606026649475 0.047737549990415573 0.093088880181312561 0.048724368214607239 0.069739989936351776 0.10449496656656265 0.09786166250705719 0.048323884606361389 0.13125887513160706 0.065737366676330566 0.011962681077420712 0.019649993628263474 0.055481690913438797 0.0050850221887230873 0.078000552952289581 0.050744730979204178 0.050011105835437775
0.011453163810074329 0.0070474976673722267 0.0096150059252977371 0.0090957460924983025 0.017075449228286743 0.018361663445830345 0.039973922073841095 0.11693335324525833 0.087611660361289978 4.0000000534057278e-010 0.0019983348902314901 0.046866670250892639 0.024210555478930473 0.11491111665964127 0.024152785539627075 0.00058179558254778385 0.001848342944867909 0.0099372249096632004 1.1999999882661427e-009 4.0000000534057278e-010 0.022302763536572456 0.036786824464797974 0.042801171541213989 0.026037242263555527 0.03837980329990387 0.025548873469233513 0.0037197771016508341 0.096891678869724274 8.0000001068114557e-010 0.26606997847557068 0.10254833847284317 0.051568128168582916 1.1999999882661427e-009 0.035499997437000275 0.12199554592370987 0.043961592018604279 0.10028942674398422 0.073658913373947144 0.092808544635772705 0.11163683235645294 0.25545161962509155
0.0070777465589344501 0.0077616805210709572 0.0060532260686159134 0.013303321786224842 0.020207764580845833 0.017894119024276733 0.13208833336830139 0.14670167863368988 0.20689721405506134 2.9999999706653568e-010 5.3328298236010596e-005 0.010627777315676212 8.0000001068114557e-010 0.0033877703826874495 1.1999999882661427e-009 0.0073727862909436226 0.014189437963068485 0.014023881405591965 8.0000001068114557e-010 0.003054426982998848 2.9999999706653568e-010 0.018796095624566078 0.046082779765129089 0.038170807063579559 0.068727239966392517 0.035749450325965881 0.036159086972475052 0.15399166941642761 0.093514434993267059 0.28585219383239746 0.0087374765425920486 0.076589994132518768 0.013171659782528877 0.027488775551319122 0.095123320817947388 0.02173110656440258 4.0000000534057278e-010 0.049038328230381012 0.072396665811538696 0.15668167173862457 2.9999999706653568e-010
0.0085950000211596489 0.010914442129433155 0.01393388956785202 0.0082071563228964806 0.0099328942596912384 0.012796112336218357 0.018032398074865341 0.024071656167507172 0.045058883726596832 0.013966658152639866 1.1999999882661427e-009 0.0057894429191946983 0.011985549703240395 0.0091644441708922386 0.021230559796094894 0.053871672600507736 0.055273331701755524 0.056557219475507736 0.012521102093160152 0.041575010865926743 0.040931105613708496 0.0036235216539353132 0.030543884262442589 0.043227769434452057 0.062389999628067017 1.1999999882661427e-009 0.044868331402540207 0.017124999314546585 0.024521291255950928 1.1999999882661427e-009 0.13116167485713959 0.32669278979301453 0.10167554020881653 0.076951660215854645 0.30861333012580872 0.014403866603970528 2.9999999706653568e-010 4.0000000534057278e-010 0.023814419284462929 4.0000000534057278e-010 0.041530545800924301
